Country Name,Country ISO3,Year,Indicator Name,Indicator Code,Value
Sri Lanka,LKA,2021,Agricultural land (sq. km),AG.LND.AGRI.K2,28120.0
Sri Lanka,LKA,2020,Agricultural land (sq. km),AG.LND.AGRI.K2,28120.0
Sri Lanka,LKA,2019,Agricultural land (sq. km),AG.LND.AGRI.K2,28115.728
Sri Lanka,LKA,2018,Agricultural land (sq. km),AG.LND.AGRI.K2,28116.0
Sri Lanka,LKA,2017,Agricultural land (sq. km),AG.LND.AGRI.K2,27602.0
Sri Lanka,LKA,2016,Agricultural land (sq. km),AG.LND.AGRI.K2,27500.0
Sri Lanka,LKA,2015,Agricultural land (sq. km),AG.LND.AGRI.K2,27400.0
Sri Lanka,LKA,2014,Agricultural land (sq. km),AG.LND.AGRI.K2,27400.0
Sri Lanka,LKA,2013,Agricultural land (sq. km),AG.LND.AGRI.K2,27400.0
Sri Lanka,LKA,2012,Agricultural land (sq. km),AG.LND.AGRI.K2,27400.0
Sri Lanka,LKA,2011,Agricultural land (sq. km),AG.LND.AGRI.K2,27300.0
Sri Lanka,LKA,2010,Agricultural land (sq. km),AG.LND.AGRI.K2,26200.0
Sri Lanka,LKA,2009,Agricultural land (sq. km),AG.LND.AGRI.K2,26100.0
Sri Lanka,LKA,2008,Agricultural land (sq. km),AG.LND.AGRI.K2,25950.0
Sri Lanka,LKA,2007,Agricultural land (sq. km),AG.LND.AGRI.K2,23900.0
Sri Lanka,LKA,2006,Agricultural land (sq. km),AG.LND.AGRI.K2,24400.0
Sri Lanka,LKA,2005,Agricultural land (sq. km),AG.LND.AGRI.K2,25100.0
Sri Lanka,LKA,2004,Agricultural land (sq. km),AG.LND.AGRI.K2,23100.0
Sri Lanka,LKA,2003,Agricultural land (sq. km),AG.LND.AGRI.K2,23700.0
Sri Lanka,LKA,2002,Agricultural land (sq. km),AG.LND.AGRI.K2,23560.0
Sri Lanka,LKA,2001,Agricultural land (sq. km),AG.LND.AGRI.K2,23510.0
Sri Lanka,LKA,2000,Agricultural land (sq. km),AG.LND.AGRI.K2,23500.0
Sri Lanka,LKA,1999,Agricultural land (sq. km),AG.LND.AGRI.K2,23450.0
Sri Lanka,LKA,1998,Agricultural land (sq. km),AG.LND.AGRI.K2,23290.0
Sri Lanka,LKA,1997,Agricultural land (sq. km),AG.LND.AGRI.K2,23280.0
Sri Lanka,LKA,1996,Agricultural land (sq. km),AG.LND.AGRI.K2,23270.0
Sri Lanka,LKA,1995,Agricultural land (sq. km),AG.LND.AGRI.K2,23260.0
Sri Lanka,LKA,1994,Agricultural land (sq. km),AG.LND.AGRI.K2,23230.0
Sri Lanka,LKA,1993,Agricultural land (sq. km),AG.LND.AGRI.K2,23200.0
Sri Lanka,LKA,1992,Agricultural land (sq. km),AG.LND.AGRI.K2,23440.0
Sri Lanka,LKA,1991,Agricultural land (sq. km),AG.LND.AGRI.K2,23420.0
Sri Lanka,LKA,1990,Agricultural land (sq. km),AG.LND.AGRI.K2,23390.0
Sri Lanka,LKA,1989,Agricultural land (sq. km),AG.LND.AGRI.K2,23400.0
Sri Lanka,LKA,1988,Agricultural land (sq. km),AG.LND.AGRI.K2,23370.0
Sri Lanka,LKA,1987,Agricultural land (sq. km),AG.LND.AGRI.K2,23340.0
Sri Lanka,LKA,1986,Agricultural land (sq. km),AG.LND.AGRI.K2,23260.0
Sri Lanka,LKA,1985,Agricultural land (sq. km),AG.LND.AGRI.K2,23150.0
Sri Lanka,LKA,1984,Agricultural land (sq. km),AG.LND.AGRI.K2,23110.0
Sri Lanka,LKA,1983,Agricultural land (sq. km),AG.LND.AGRI.K2,23080.0
Sri Lanka,LKA,1982,Agricultural land (sq. km),AG.LND.AGRI.K2,22960.0
Sri Lanka,LKA,1981,Agricultural land (sq. km),AG.LND.AGRI.K2,23490.0
Sri Lanka,LKA,1980,Agricultural land (sq. km),AG.LND.AGRI.K2,23490.0
Sri Lanka,LKA,1979,Agricultural land (sq. km),AG.LND.AGRI.K2,23590.0
Sri Lanka,LKA,1978,Agricultural land (sq. km),AG.LND.AGRI.K2,24690.0
Sri Lanka,LKA,1977,Agricultural land (sq. km),AG.LND.AGRI.K2,24330.0
Sri Lanka,LKA,1976,Agricultural land (sq. km),AG.LND.AGRI.K2,23960.0
Sri Lanka,LKA,1975,Agricultural land (sq. km),AG.LND.AGRI.K2,23590.0
Sri Lanka,LKA,1974,Agricultural land (sq. km),AG.LND.AGRI.K2,23570.0
Sri Lanka,LKA,1973,Agricultural land (sq. km),AG.LND.AGRI.K2,23510.0
Sri Lanka,LKA,1972,Agricultural land (sq. km),AG.LND.AGRI.K2,23450.0
Sri Lanka,LKA,1971,Agricultural land (sq. km),AG.LND.AGRI.K2,23390.0
Sri Lanka,LKA,1970,Agricultural land (sq. km),AG.LND.AGRI.K2,23330.0
Sri Lanka,LKA,1969,Agricultural land (sq. km),AG.LND.AGRI.K2,23280.0
Sri Lanka,LKA,1968,Agricultural land (sq. km),AG.LND.AGRI.K2,23210.0
Sri Lanka,LKA,1967,Agricultural land (sq. km),AG.LND.AGRI.K2,22550.0
Sri Lanka,LKA,1966,Agricultural land (sq. km),AG.LND.AGRI.K2,22050.0
Sri Lanka,LKA,1965,Agricultural land (sq. km),AG.LND.AGRI.K2,21560.0
Sri Lanka,LKA,1964,Agricultural land (sq. km),AG.LND.AGRI.K2,21030.0
Sri Lanka,LKA,1963,Agricultural land (sq. km),AG.LND.AGRI.K2,20600.0
Sri Lanka,LKA,1962,Agricultural land (sq. km),AG.LND.AGRI.K2,17070.0
Sri Lanka,LKA,1961,Agricultural land (sq. km),AG.LND.AGRI.K2,17230.0
Sri Lanka,LKA,2022,Agricultural land (% of land area),AG.LND.AGRI.ZS,45.4574846427417
Sri Lanka,LKA,2021,Agricultural land (% of land area),AG.LND.AGRI.ZS,45.4574846427417
Sri Lanka,LKA,2020,Agricultural land (% of land area),AG.LND.AGRI.ZS,45.4574846427417
Sri Lanka,LKA,2019,Agricultural land (% of land area),AG.LND.AGRI.ZS,45.4472947072851
Sri Lanka,LKA,2018,Agricultural land (% of land area),AG.LND.AGRI.ZS,45.448079658606
Sri Lanka,LKA,2017,Agricultural land (% of land area),AG.LND.AGRI.ZS,44.5963194545425
Sri Lanka,LKA,2016,Agricultural land (% of land area),AG.LND.AGRI.ZS,44.4315189116701
Sri Lanka,LKA,2015,Agricultural land (% of land area),AG.LND.AGRI.ZS,44.2699497519913
Sri Lanka,LKA,2014,Agricultural land (% of land area),AG.LND.AGRI.ZS,43.6931908786477
Sri Lanka,LKA,2013,Agricultural land (% of land area),AG.LND.AGRI.ZS,43.6931908786477
Sri Lanka,LKA,2012,Agricultural land (% of land area),AG.LND.AGRI.ZS,43.6931908786477
Sri Lanka,LKA,2011,Agricultural land (% of land area),AG.LND.AGRI.ZS,43.5337266783607
Sri Lanka,LKA,2010,Agricultural land (% of land area),AG.LND.AGRI.ZS,41.7796204752033
Sri Lanka,LKA,2009,Agricultural land (% of land area),AG.LND.AGRI.ZS,41.6201562749163
Sri Lanka,LKA,2008,Agricultural land (% of land area),AG.LND.AGRI.ZS,41.3809599744857
Sri Lanka,LKA,2007,Agricultural land (% of land area),AG.LND.AGRI.ZS,38.1119438686015
Sri Lanka,LKA,2006,Agricultural land (% of land area),AG.LND.AGRI.ZS,38.9092648700367
Sri Lanka,LKA,2005,Agricultural land (% of land area),AG.LND.AGRI.ZS,40.0255142720459
Sri Lanka,LKA,2004,Agricultural land (% of land area),AG.LND.AGRI.ZS,36.8362302663052
Sri Lanka,LKA,2003,Agricultural land (% of land area),AG.LND.AGRI.ZS,37.7930154680274
Sri Lanka,LKA,2002,Agricultural land (% of land area),AG.LND.AGRI.ZS,37.5697655876256
Sri Lanka,LKA,2001,Agricultural land (% of land area),AG.LND.AGRI.ZS,37.4900334874821
Sri Lanka,LKA,2000,Agricultural land (% of land area),AG.LND.AGRI.ZS,37.4740870674534
Sri Lanka,LKA,1999,Agricultural land (% of land area),AG.LND.AGRI.ZS,37.3943549673098
Sri Lanka,LKA,1998,Agricultural land (% of land area),AG.LND.AGRI.ZS,37.1392122468506
Sri Lanka,LKA,1997,Agricultural land (% of land area),AG.LND.AGRI.ZS,37.1232658268219
Sri Lanka,LKA,1996,Agricultural land (% of land area),AG.LND.AGRI.ZS,37.1073194067932
Sri Lanka,LKA,1995,Agricultural land (% of land area),AG.LND.AGRI.ZS,37.0913729867645
Sri Lanka,LKA,1994,Agricultural land (% of land area),AG.LND.AGRI.ZS,37.0435337266784
Sri Lanka,LKA,1993,Agricultural land (% of land area),AG.LND.AGRI.ZS,36.9956944665922
Sri Lanka,LKA,1992,Agricultural land (% of land area),AG.LND.AGRI.ZS,37.3784085472811
Sri Lanka,LKA,1991,Agricultural land (% of land area),AG.LND.AGRI.ZS,37.3465157072237
Sri Lanka,LKA,1990,Agricultural land (% of land area),AG.LND.AGRI.ZS,37.2986764471376
Sri Lanka,LKA,1989,Agricultural land (% of land area),AG.LND.AGRI.ZS,37.3146228671663
Sri Lanka,LKA,1988,Agricultural land (% of land area),AG.LND.AGRI.ZS,37.2667836070802
Sri Lanka,LKA,1987,Agricultural land (% of land area),AG.LND.AGRI.ZS,37.2189443469941
Sri Lanka,LKA,1986,Agricultural land (% of land area),AG.LND.AGRI.ZS,37.0913729867645
Sri Lanka,LKA,1985,Agricultural land (% of land area),AG.LND.AGRI.ZS,36.9159623664487
Sri Lanka,LKA,1984,Agricultural land (% of land area),AG.LND.AGRI.ZS,36.8521766863339
Sri Lanka,LKA,1983,Agricultural land (% of land area),AG.LND.AGRI.ZS,36.8043374262478
Sri Lanka,LKA,1982,Agricultural land (% of land area),AG.LND.AGRI.ZS,36.6129803859034
Sri Lanka,LKA,1981,Agricultural land (% of land area),AG.LND.AGRI.ZS,37.4581406474247
Sri Lanka,LKA,1980,Agricultural land (% of land area),AG.LND.AGRI.ZS,37.4581406474247
Sri Lanka,LKA,1979,Agricultural land (% of land area),AG.LND.AGRI.ZS,37.6176048477117
Sri Lanka,LKA,1978,Agricultural land (% of land area),AG.LND.AGRI.ZS,39.3717110508691
Sri Lanka,LKA,1977,Agricultural land (% of land area),AG.LND.AGRI.ZS,38.7976399298358
Sri Lanka,LKA,1976,Agricultural land (% of land area),AG.LND.AGRI.ZS,38.2076223887737
Sri Lanka,LKA,1975,Agricultural land (% of land area),AG.LND.AGRI.ZS,37.6176048477117
Sri Lanka,LKA,1974,Agricultural land (% of land area),AG.LND.AGRI.ZS,37.5857120076543
Sri Lanka,LKA,1973,Agricultural land (% of land area),AG.LND.AGRI.ZS,37.4900334874821
Sri Lanka,LKA,1972,Agricultural land (% of land area),AG.LND.AGRI.ZS,37.3943549673098
Sri Lanka,LKA,1971,Agricultural land (% of land area),AG.LND.AGRI.ZS,37.2986764471376
Sri Lanka,LKA,1970,Agricultural land (% of land area),AG.LND.AGRI.ZS,37.2029979269654
Sri Lanka,LKA,1969,Agricultural land (% of land area),AG.LND.AGRI.ZS,37.1232658268219
Sri Lanka,LKA,1968,Agricultural land (% of land area),AG.LND.AGRI.ZS,37.011640886621
Sri Lanka,LKA,1967,Agricultural land (% of land area),AG.LND.AGRI.ZS,35.9591771647265
Sri Lanka,LKA,1966,Agricultural land (% of land area),AG.LND.AGRI.ZS,35.1618561632913
Sri Lanka,LKA,1965,Agricultural land (% of land area),AG.LND.AGRI.ZS,34.3804815818849
Sri Lanka,LKA,1964,Agricultural land (% of land area),AG.LND.AGRI.ZS,33.5353213203636
Sri Lanka,LKA,1963,Agricultural land (% of land area),AG.LND.AGRI.ZS,32.8496252591293
Sri Lanka,LKA,1962,Agricultural land (% of land area),AG.LND.AGRI.ZS,27.220538988997
Sri Lanka,LKA,1961,Agricultural land (% of land area),AG.LND.AGRI.ZS,27.4756817094562
Sri Lanka,LKA,2022,Arable land (% of land area),AG.LND.ARBL.ZS,22.1791141286777
Sri Lanka,LKA,2021,Arable land (% of land area),AG.LND.ARBL.ZS,22.1791141286777
Sri Lanka,LKA,2020,Arable land (% of land area),AG.LND.ARBL.ZS,22.1791141286777
Sri Lanka,LKA,2019,Arable land (% of land area),AG.LND.ARBL.ZS,22.1706061653805
Sri Lanka,LKA,2018,Arable land (% of land area),AG.LND.ARBL.ZS,22.1712142764774
Sri Lanka,LKA,2017,Arable land (% of land area),AG.LND.ARBL.ZS,21.3303604607952
Sri Lanka,LKA,2016,Arable land (% of land area),AG.LND.ARBL.ZS,21.1655599179229
Sri Lanka,LKA,2015,Arable land (% of land area),AG.LND.ARBL.ZS,21.0039907582441
Sri Lanka,LKA,2014,Arable land (% of land area),AG.LND.ARBL.ZS,20.7303460373146
Sri Lanka,LKA,2013,Arable land (% of land area),AG.LND.ARBL.ZS,20.7303460373146
Sri Lanka,LKA,2012,Arable land (% of land area),AG.LND.ARBL.ZS,20.7303460373146
Sri Lanka,LKA,2011,Arable land (% of land area),AG.LND.ARBL.ZS,20.7303460373146
Sri Lanka,LKA,2010,Arable land (% of land area),AG.LND.ARBL.ZS,19.1357040344443
Sri Lanka,LKA,2009,Arable land (% of land area),AG.LND.ARBL.ZS,19.1357040344443
Sri Lanka,LKA,2008,Arable land (% of land area),AG.LND.ARBL.ZS,19.1357040344443
Sri Lanka,LKA,2007,Arable land (% of land area),AG.LND.ARBL.ZS,15.9464200287036
Sri Lanka,LKA,2006,Arable land (% of land area),AG.LND.ARBL.ZS,16.7437410301387
Sri Lanka,LKA,2005,Arable land (% of land area),AG.LND.ARBL.ZS,17.5410620315739
Sri Lanka,LKA,2004,Arable land (% of land area),AG.LND.ARBL.ZS,14.3517780258332
Sri Lanka,LKA,2003,Arable land (% of land area),AG.LND.ARBL.ZS,15.1490990272684
Sri Lanka,LKA,2002,Arable land (% of land area),AG.LND.ARBL.ZS,14.9258491468665
Sri Lanka,LKA,2001,Arable land (% of land area),AG.LND.ARBL.ZS,14.6069207462925
Sri Lanka,LKA,2000,Arable land (% of land area),AG.LND.ARBL.ZS,14.5909743262638
Sri Lanka,LKA,1999,Arable land (% of land area),AG.LND.ARBL.ZS,14.4315101259767
Sri Lanka,LKA,1998,Arable land (% of land area),AG.LND.ARBL.ZS,14.1763674055175
Sri Lanka,LKA,1997,Arable land (% of land area),AG.LND.ARBL.ZS,14.1604209854888
Sri Lanka,LKA,1996,Arable land (% of land area),AG.LND.ARBL.ZS,14.1444745654601
Sri Lanka,LKA,1995,Arable land (% of land area),AG.LND.ARBL.ZS,14.1285281454314
Sri Lanka,LKA,1994,Arable land (% of land area),AG.LND.ARBL.ZS,14.0806888853452
Sri Lanka,LKA,1993,Arable land (% of land area),AG.LND.ARBL.ZS,14.0328496252591
Sri Lanka,LKA,1992,Arable land (% of land area),AG.LND.ARBL.ZS,14.4315101259767
Sri Lanka,LKA,1991,Arable land (% of land area),AG.LND.ARBL.ZS,14.3996172859193
Sri Lanka,LKA,1990,Arable land (% of land area),AG.LND.ARBL.ZS,14.3517780258332
Sri Lanka,LKA,1989,Arable land (% of land area),AG.LND.ARBL.ZS,14.3677244458619
Sri Lanka,LKA,1988,Arable land (% of land area),AG.LND.ARBL.ZS,14.3198851857758
Sri Lanka,LKA,1987,Arable land (% of land area),AG.LND.ARBL.ZS,14.2720459256897
Sri Lanka,LKA,1986,Arable land (% of land area),AG.LND.ARBL.ZS,14.1444745654601
Sri Lanka,LKA,1985,Arable land (% of land area),AG.LND.ARBL.ZS,13.9690639451443
Sri Lanka,LKA,1984,Arable land (% of land area),AG.LND.ARBL.ZS,13.9052782650295
Sri Lanka,LKA,1983,Arable land (% of land area),AG.LND.ARBL.ZS,13.8574390049434
Sri Lanka,LKA,1982,Arable land (% of land area),AG.LND.ARBL.ZS,13.6660819645989
Sri Lanka,LKA,1981,Arable land (% of land area),AG.LND.ARBL.ZS,14.3517780258332
Sri Lanka,LKA,1980,Arable land (% of land area),AG.LND.ARBL.ZS,14.3517780258332
Sri Lanka,LKA,1979,Arable land (% of land area),AG.LND.ARBL.ZS,14.3517780258332
Sri Lanka,LKA,1978,Arable land (% of land area),AG.LND.ARBL.ZS,15.9464200287036
Sri Lanka,LKA,1977,Arable land (% of land area),AG.LND.ARBL.ZS,15.1490990272684
Sri Lanka,LKA,1976,Arable land (% of land area),AG.LND.ARBL.ZS,14.3517780258332
Sri Lanka,LKA,1975,Arable land (% of land area),AG.LND.ARBL.ZS,13.554457024398
Sri Lanka,LKA,1974,Arable land (% of land area),AG.LND.ARBL.ZS,13.2993143039388
Sri Lanka,LKA,1973,Arable land (% of land area),AG.LND.ARBL.ZS,13.2036357837665
Sri Lanka,LKA,1972,Arable land (% of land area),AG.LND.ARBL.ZS,13.1079572635943
Sri Lanka,LKA,1971,Arable land (% of land area),AG.LND.ARBL.ZS,13.0122787434221
Sri Lanka,LKA,1970,Arable land (% of land area),AG.LND.ARBL.ZS,12.9166002232499
Sri Lanka,LKA,1969,Arable land (% of land area),AG.LND.ARBL.ZS,12.8209217030777
Sri Lanka,LKA,1968,Arable land (% of land area),AG.LND.ARBL.ZS,12.7252431829054
Sri Lanka,LKA,1967,Arable land (% of land area),AG.LND.ARBL.ZS,12.6295646627332
Sri Lanka,LKA,1966,Arable land (% of land area),AG.LND.ARBL.ZS,12.6295646627332
Sri Lanka,LKA,1965,Arable land (% of land area),AG.LND.ARBL.ZS,12.6455110827619
Sri Lanka,LKA,1964,Arable land (% of land area),AG.LND.ARBL.ZS,12.5976718226758
Sri Lanka,LKA,1963,Arable land (% of land area),AG.LND.ARBL.ZS,12.6295646627332
Sri Lanka,LKA,1962,Arable land (% of land area),AG.LND.ARBL.ZS,9.20108435656195
Sri Lanka,LKA,1961,Arable land (% of land area),AG.LND.ARBL.ZS,9.48811991707862
Sri Lanka,LKA,2015,Rural land area where elevation is below 5 meters (sq. km),AG.LND.EL5M.RU.K2,1983.33693346
Sri Lanka,LKA,2000,Rural land area where elevation is below 5 meters (sq. km),AG.LND.EL5M.RU.K2,1991.59277244
Sri Lanka,LKA,1990,Rural land area where elevation is below 5 meters (sq. km),AG.LND.EL5M.RU.K2,2012.40496234
Sri Lanka,LKA,2015,Rural land area where elevation is below 5 meters (% of total land area),AG.LND.EL5M.RU.ZS,3.05063226706774
Sri Lanka,LKA,2000,Rural land area where elevation is below 5 meters (% of total land area),AG.LND.EL5M.RU.ZS,3.06333082995924
Sri Lanka,LKA,1990,Rural land area where elevation is below 5 meters (% of total land area),AG.LND.EL5M.RU.ZS,3.09534270700926
Sri Lanka,LKA,2015,Urban land area where elevation is below 5 meters (sq. km),AG.LND.EL5M.UR.K2,276.92862303
Sri Lanka,LKA,2000,Urban land area where elevation is below 5 meters (sq. km),AG.LND.EL5M.UR.K2,268.672784044
Sri Lanka,LKA,1990,Urban land area where elevation is below 5 meters (sq. km),AG.LND.EL5M.UR.K2,247.8605941488
Sri Lanka,LKA,2015,Urban land area where elevation is below 5 meters (% of total land area),AG.LND.EL5M.UR.ZS,0.425952534255569
Sri Lanka,LKA,2000,Urban land area where elevation is below 5 meters (% of total land area),AG.LND.EL5M.UR.ZS,0.41325397135511
Sri Lanka,LKA,1990,Urban land area where elevation is below 5 meters (% of total land area),AG.LND.EL5M.UR.ZS,0.381242094315531
Sri Lanka,LKA,2015,Land area where elevation is below 5 meters (% of total land area),AG.LND.EL5M.ZS,3.47658480132331
Sri Lanka,LKA,2000,Land area where elevation is below 5 meters (% of total land area),AG.LND.EL5M.ZS,3.47658480131435
Sri Lanka,LKA,1990,Land area where elevation is below 5 meters (% of total land area),AG.LND.EL5M.ZS,3.47658480132479
Sri Lanka,LKA,2022,Forest area (sq. km),AG.LND.FRST.K2,21067.0
Sri Lanka,LKA,2021,Forest area (sq. km),AG.LND.FRST.K2,21098.6
Sri Lanka,LKA,2020,Forest area (sq. km),AG.LND.FRST.K2,21130.2
Sri Lanka,LKA,2019,Forest area (sq. km),AG.LND.FRST.K2,21161.8
Sri Lanka,LKA,2018,Forest area (sq. km),AG.LND.FRST.K2,21193.4
Sri Lanka,LKA,2017,Forest area (sq. km),AG.LND.FRST.K2,21225.0
Sri Lanka,LKA,2016,Forest area (sq. km),AG.LND.FRST.K2,21256.6
Sri Lanka,LKA,2015,Forest area (sq. km),AG.LND.FRST.K2,21288.2
Sri Lanka,LKA,2014,Forest area (sq. km),AG.LND.FRST.K2,21237.8
Sri Lanka,LKA,2013,Forest area (sq. km),AG.LND.FRST.K2,21187.4
Sri Lanka,LKA,2012,Forest area (sq. km),AG.LND.FRST.K2,21137.0
Sri Lanka,LKA,2011,Forest area (sq. km),AG.LND.FRST.K2,21086.6
Sri Lanka,LKA,2010,Forest area (sq. km),AG.LND.FRST.K2,21036.2
Sri Lanka,LKA,2009,Forest area (sq. km),AG.LND.FRST.K2,21099.0
Sri Lanka,LKA,2008,Forest area (sq. km),AG.LND.FRST.K2,21161.8
Sri Lanka,LKA,2007,Forest area (sq. km),AG.LND.FRST.K2,21224.6
Sri Lanka,LKA,2006,Forest area (sq. km),AG.LND.FRST.K2,21287.4
Sri Lanka,LKA,2005,Forest area (sq. km),AG.LND.FRST.K2,21350.2
Sri Lanka,LKA,2004,Forest area (sq. km),AG.LND.FRST.K2,21413.0
Sri Lanka,LKA,2003,Forest area (sq. km),AG.LND.FRST.K2,21475.8
Sri Lanka,LKA,2002,Forest area (sq. km),AG.LND.FRST.K2,21538.6
Sri Lanka,LKA,2001,Forest area (sq. km),AG.LND.FRST.K2,21601.4
Sri Lanka,LKA,2000,Forest area (sq. km),AG.LND.FRST.K2,21664.2
Sri Lanka,LKA,1999,Forest area (sq. km),AG.LND.FRST.K2,21848.11
Sri Lanka,LKA,1998,Forest area (sq. km),AG.LND.FRST.K2,22032.02
Sri Lanka,LKA,1997,Forest area (sq. km),AG.LND.FRST.K2,22215.93
Sri Lanka,LKA,1996,Forest area (sq. km),AG.LND.FRST.K2,22399.84
Sri Lanka,LKA,1995,Forest area (sq. km),AG.LND.FRST.K2,22583.75
Sri Lanka,LKA,1994,Forest area (sq. km),AG.LND.FRST.K2,22767.66
Sri Lanka,LKA,1993,Forest area (sq. km),AG.LND.FRST.K2,22951.57
Sri Lanka,LKA,1992,Forest area (sq. km),AG.LND.FRST.K2,23135.48
Sri Lanka,LKA,1991,Forest area (sq. km),AG.LND.FRST.K2,23319.39
Sri Lanka,LKA,1990,Forest area (sq. km),AG.LND.FRST.K2,23503.3
Sri Lanka,LKA,2022,Forest area (% of land area),AG.LND.FRST.ZS,34.0559327513741
Sri Lanka,LKA,2021,Forest area (% of land area),AG.LND.FRST.ZS,34.1070158422244
Sri Lanka,LKA,2020,Forest area (% of land area),AG.LND.FRST.ZS,34.1580989330747
Sri Lanka,LKA,2019,Forest area (% of land area),AG.LND.FRST.ZS,34.2067102490331
Sri Lanka,LKA,2018,Forest area (% of land area),AG.LND.FRST.ZS,34.2580499159447
Sri Lanka,LKA,2017,Forest area (% of land area),AG.LND.FRST.ZS,34.2930541418254
Sri Lanka,LKA,2016,Forest area (% of land area),AG.LND.FRST.ZS,34.3441099962839
Sri Lanka,LKA,2015,Forest area (% of land area),AG.LND.FRST.ZS,34.3951658507424
Sri Lanka,LKA,2014,Forest area (% of land area),AG.LND.FRST.ZS,33.86668792856
Sri Lanka,LKA,2013,Forest area (% of land area),AG.LND.FRST.ZS,33.7863179716154
Sri Lanka,LKA,2012,Forest area (% of land area),AG.LND.FRST.ZS,33.7059480146707
Sri Lanka,LKA,2011,Forest area (% of land area),AG.LND.FRST.ZS,33.625578057726
Sri Lanka,LKA,2010,Forest area (% of land area),AG.LND.FRST.ZS,33.5452081007814
Sri Lanka,LKA,2009,Forest area (% of land area),AG.LND.FRST.ZS,33.6453516185616
Sri Lanka,LKA,2008,Forest area (% of land area),AG.LND.FRST.ZS,33.7454951363419
Sri Lanka,LKA,2007,Forest area (% of land area),AG.LND.FRST.ZS,33.8456386541221
Sri Lanka,LKA,2006,Forest area (% of land area),AG.LND.FRST.ZS,33.9457821719024
Sri Lanka,LKA,2005,Forest area (% of land area),AG.LND.FRST.ZS,34.0459256896827
Sri Lanka,LKA,2004,Forest area (% of land area),AG.LND.FRST.ZS,34.1460692074629
Sri Lanka,LKA,2003,Forest area (% of land area),AG.LND.FRST.ZS,34.2462127252432
Sri Lanka,LKA,2002,Forest area (% of land area),AG.LND.FRST.ZS,34.3463562430234
Sri Lanka,LKA,2001,Forest area (% of land area),AG.LND.FRST.ZS,34.4464997608037
Sri Lanka,LKA,2000,Forest area (% of land area),AG.LND.FRST.ZS,34.546643278584
Sri Lanka,LKA,1999,Forest area (% of land area),AG.LND.FRST.ZS,34.8399138893318
Sri Lanka,LKA,1998,Forest area (% of land area),AG.LND.FRST.ZS,35.1331845000797
Sri Lanka,LKA,1997,Forest area (% of land area),AG.LND.FRST.ZS,35.4264551108276
Sri Lanka,LKA,1996,Forest area (% of land area),AG.LND.FRST.ZS,35.7197257215755
Sri Lanka,LKA,1995,Forest area (% of land area),AG.LND.FRST.ZS,36.0129963323234
Sri Lanka,LKA,1994,Forest area (% of land area),AG.LND.FRST.ZS,36.3062669430713
Sri Lanka,LKA,1993,Forest area (% of land area),AG.LND.FRST.ZS,36.5995375538192
Sri Lanka,LKA,1992,Forest area (% of land area),AG.LND.FRST.ZS,36.8928081645671
Sri Lanka,LKA,1991,Forest area (% of land area),AG.LND.FRST.ZS,37.1860787753149
Sri Lanka,LKA,1990,Forest area (% of land area),AG.LND.FRST.ZS,37.4793493860628
Sri Lanka,LKA,2021,Average precipitation in depth (mm per year),AG.LND.PRCP.MM,1712.0
Sri Lanka,LKA,2020,Average precipitation in depth (mm per year),AG.LND.PRCP.MM,1712.0
Sri Lanka,LKA,2019,Average precipitation in depth (mm per year),AG.LND.PRCP.MM,1712.0
Sri Lanka,LKA,2018,Average precipitation in depth (mm per year),AG.LND.PRCP.MM,1712.0
Sri Lanka,LKA,2017,Average precipitation in depth (mm per year),AG.LND.PRCP.MM,1712.0
Sri Lanka,LKA,2016,Average precipitation in depth (mm per year),AG.LND.PRCP.MM,1712.0
Sri Lanka,LKA,2015,Average precipitation in depth (mm per year),AG.LND.PRCP.MM,1712.0
Sri Lanka,LKA,2014,Average precipitation in depth (mm per year),AG.LND.PRCP.MM,1712.0
Sri Lanka,LKA,2013,Average precipitation in depth (mm per year),AG.LND.PRCP.MM,1712.0
Sri Lanka,LKA,2012,Average precipitation in depth (mm per year),AG.LND.PRCP.MM,1712.0
Sri Lanka,LKA,2011,Average precipitation in depth (mm per year),AG.LND.PRCP.MM,1712.0
Sri Lanka,LKA,2010,Average precipitation in depth (mm per year),AG.LND.PRCP.MM,1712.0
Sri Lanka,LKA,2009,Average precipitation in depth (mm per year),AG.LND.PRCP.MM,1712.0
Sri Lanka,LKA,2008,Average precipitation in depth (mm per year),AG.LND.PRCP.MM,1712.0
Sri Lanka,LKA,2007,Average precipitation in depth (mm per year),AG.LND.PRCP.MM,1712.0
Sri Lanka,LKA,2006,Average precipitation in depth (mm per year),AG.LND.PRCP.MM,1712.0
Sri Lanka,LKA,2005,Average precipitation in depth (mm per year),AG.LND.PRCP.MM,1712.0
Sri Lanka,LKA,2004,Average precipitation in depth (mm per year),AG.LND.PRCP.MM,1712.0
Sri Lanka,LKA,2003,Average precipitation in depth (mm per year),AG.LND.PRCP.MM,1712.0
Sri Lanka,LKA,2002,Average precipitation in depth (mm per year),AG.LND.PRCP.MM,1712.0
Sri Lanka,LKA,2001,Average precipitation in depth (mm per year),AG.LND.PRCP.MM,1712.0
Sri Lanka,LKA,2000,Average precipitation in depth (mm per year),AG.LND.PRCP.MM,1712.0
Sri Lanka,LKA,1999,Average precipitation in depth (mm per year),AG.LND.PRCP.MM,1712.0
Sri Lanka,LKA,1998,Average precipitation in depth (mm per year),AG.LND.PRCP.MM,1712.0
Sri Lanka,LKA,1997,Average precipitation in depth (mm per year),AG.LND.PRCP.MM,1712.0
Sri Lanka,LKA,1996,Average precipitation in depth (mm per year),AG.LND.PRCP.MM,1712.0
Sri Lanka,LKA,1995,Average precipitation in depth (mm per year),AG.LND.PRCP.MM,1712.0
Sri Lanka,LKA,1994,Average precipitation in depth (mm per year),AG.LND.PRCP.MM,1712.0
Sri Lanka,LKA,1993,Average precipitation in depth (mm per year),AG.LND.PRCP.MM,1712.0
Sri Lanka,LKA,1992,Average precipitation in depth (mm per year),AG.LND.PRCP.MM,1712.0
Sri Lanka,LKA,1991,Average precipitation in depth (mm per year),AG.LND.PRCP.MM,1712.0
Sri Lanka,LKA,1990,Average precipitation in depth (mm per year),AG.LND.PRCP.MM,1712.0
Sri Lanka,LKA,1989,Average precipitation in depth (mm per year),AG.LND.PRCP.MM,1712.0
Sri Lanka,LKA,1988,Average precipitation in depth (mm per year),AG.LND.PRCP.MM,1712.0
Sri Lanka,LKA,1987,Average precipitation in depth (mm per year),AG.LND.PRCP.MM,1712.0
Sri Lanka,LKA,1986,Average precipitation in depth (mm per year),AG.LND.PRCP.MM,1712.0
Sri Lanka,LKA,1985,Average precipitation in depth (mm per year),AG.LND.PRCP.MM,1712.0
Sri Lanka,LKA,1984,Average precipitation in depth (mm per year),AG.LND.PRCP.MM,1712.0
Sri Lanka,LKA,1983,Average precipitation in depth (mm per year),AG.LND.PRCP.MM,1712.0
Sri Lanka,LKA,1982,Average precipitation in depth (mm per year),AG.LND.PRCP.MM,1712.0
Sri Lanka,LKA,1981,Average precipitation in depth (mm per year),AG.LND.PRCP.MM,1712.0
Sri Lanka,LKA,1980,Average precipitation in depth (mm per year),AG.LND.PRCP.MM,1712.0
Sri Lanka,LKA,1979,Average precipitation in depth (mm per year),AG.LND.PRCP.MM,1712.0
Sri Lanka,LKA,1978,Average precipitation in depth (mm per year),AG.LND.PRCP.MM,1712.0
Sri Lanka,LKA,1977,Average precipitation in depth (mm per year),AG.LND.PRCP.MM,1712.0
Sri Lanka,LKA,1976,Average precipitation in depth (mm per year),AG.LND.PRCP.MM,1712.0
Sri Lanka,LKA,1975,Average precipitation in depth (mm per year),AG.LND.PRCP.MM,1712.0
Sri Lanka,LKA,1974,Average precipitation in depth (mm per year),AG.LND.PRCP.MM,1712.0
Sri Lanka,LKA,1973,Average precipitation in depth (mm per year),AG.LND.PRCP.MM,1712.0
Sri Lanka,LKA,1972,Average precipitation in depth (mm per year),AG.LND.PRCP.MM,1712.0
Sri Lanka,LKA,1971,Average precipitation in depth (mm per year),AG.LND.PRCP.MM,1712.0
Sri Lanka,LKA,1970,Average precipitation in depth (mm per year),AG.LND.PRCP.MM,1712.0
Sri Lanka,LKA,1969,Average precipitation in depth (mm per year),AG.LND.PRCP.MM,1712.0
Sri Lanka,LKA,1968,Average precipitation in depth (mm per year),AG.LND.PRCP.MM,1712.0
Sri Lanka,LKA,1967,Average precipitation in depth (mm per year),AG.LND.PRCP.MM,1712.0
Sri Lanka,LKA,1966,Average precipitation in depth (mm per year),AG.LND.PRCP.MM,1712.0
Sri Lanka,LKA,1965,Average precipitation in depth (mm per year),AG.LND.PRCP.MM,1712.0
Sri Lanka,LKA,1964,Average precipitation in depth (mm per year),AG.LND.PRCP.MM,1712.0
Sri Lanka,LKA,1963,Average precipitation in depth (mm per year),AG.LND.PRCP.MM,1712.0
Sri Lanka,LKA,1962,Average precipitation in depth (mm per year),AG.LND.PRCP.MM,1712.0
Sri Lanka,LKA,1961,Average precipitation in depth (mm per year),AG.LND.PRCP.MM,1712.0
Sri Lanka,LKA,2022,Cereal yield (kg per hectare),AG.YLD.CREL.KG,3046.9
Sri Lanka,LKA,2021,Cereal yield (kg per hectare),AG.YLD.CREL.KG,4557.2
Sri Lanka,LKA,2020,Cereal yield (kg per hectare),AG.YLD.CREL.KG,4746.8
Sri Lanka,LKA,2019,Cereal yield (kg per hectare),AG.YLD.CREL.KG,4737.4
Sri Lanka,LKA,2018,Cereal yield (kg per hectare),AG.YLD.CREL.KG,3777.1
Sri Lanka,LKA,2017,Cereal yield (kg per hectare),AG.YLD.CREL.KG,3054.6
Sri Lanka,LKA,2016,Cereal yield (kg per hectare),AG.YLD.CREL.KG,3845.3
Sri Lanka,LKA,2015,Cereal yield (kg per hectare),AG.YLD.CREL.KG,3946.6
Sri Lanka,LKA,2014,Cereal yield (kg per hectare),AG.YLD.CREL.KG,3801.9
Sri Lanka,LKA,2013,Cereal yield (kg per hectare),AG.YLD.CREL.KG,3833.5
Sri Lanka,LKA,2012,Cereal yield (kg per hectare),AG.YLD.CREL.KG,3582.9
Sri Lanka,LKA,2011,Cereal yield (kg per hectare),AG.YLD.CREL.KG,3520.8
Sri Lanka,LKA,2010,Cereal yield (kg per hectare),AG.YLD.CREL.KG,3974.3
Sri Lanka,LKA,2009,Cereal yield (kg per hectare),AG.YLD.CREL.KG,3790.6
Sri Lanka,LKA,2008,Cereal yield (kg per hectare),AG.YLD.CREL.KG,3616.7
Sri Lanka,LKA,2007,Cereal yield (kg per hectare),AG.YLD.CREL.KG,3727.9
Sri Lanka,LKA,2006,Cereal yield (kg per hectare),AG.YLD.CREL.KG,3579.8
Sri Lanka,LKA,2005,Cereal yield (kg per hectare),AG.YLD.CREL.KG,3467.2
Sri Lanka,LKA,2004,Cereal yield (kg per hectare),AG.YLD.CREL.KG,3563.7
Sri Lanka,LKA,2003,Cereal yield (kg per hectare),AG.YLD.CREL.KG,3282.6
Sri Lanka,LKA,2002,Cereal yield (kg per hectare),AG.YLD.CREL.KG,3405.1
Sri Lanka,LKA,2001,Cereal yield (kg per hectare),AG.YLD.CREL.KG,3424.9
Sri Lanka,LKA,2000,Cereal yield (kg per hectare),AG.YLD.CREL.KG,3338.2
Sri Lanka,LKA,1999,Cereal yield (kg per hectare),AG.YLD.CREL.KG,3192.0
Sri Lanka,LKA,1998,Cereal yield (kg per hectare),AG.YLD.CREL.KG,3400.1
Sri Lanka,LKA,1997,Cereal yield (kg per hectare),AG.YLD.CREL.KG,3143.2
Sri Lanka,LKA,1996,Cereal yield (kg per hectare),AG.YLD.CREL.KG,3008.5
Sri Lanka,LKA,1995,Cereal yield (kg per hectare),AG.YLD.CREL.KG,3052.6
Sri Lanka,LKA,1994,Cereal yield (kg per hectare),AG.YLD.CREL.KG,2902.0
Sri Lanka,LKA,1993,Cereal yield (kg per hectare),AG.YLD.CREL.KG,3024.2
Sri Lanka,LKA,1992,Cereal yield (kg per hectare),AG.YLD.CREL.KG,2957.7
Sri Lanka,LKA,1991,Cereal yield (kg per hectare),AG.YLD.CREL.KG,2925.8
Sri Lanka,LKA,1990,Cereal yield (kg per hectare),AG.YLD.CREL.KG,2965.0
Sri Lanka,LKA,1989,Cereal yield (kg per hectare),AG.YLD.CREL.KG,2880.8
Sri Lanka,LKA,1988,Cereal yield (kg per hectare),AG.YLD.CREL.KG,2917.1
Sri Lanka,LKA,1987,Cereal yield (kg per hectare),AG.YLD.CREL.KG,2997.4
Sri Lanka,LKA,1986,Cereal yield (kg per hectare),AG.YLD.CREL.KG,2990.5
Sri Lanka,LKA,1985,Cereal yield (kg per hectare),AG.YLD.CREL.KG,2960.6
Sri Lanka,LKA,1984,Cereal yield (kg per hectare),AG.YLD.CREL.KG,2632.8
Sri Lanka,LKA,1983,Cereal yield (kg per hectare),AG.YLD.CREL.KG,3065.6
Sri Lanka,LKA,1982,Cereal yield (kg per hectare),AG.YLD.CREL.KG,2755.3
Sri Lanka,LKA,1981,Cereal yield (kg per hectare),AG.YLD.CREL.KG,2547.9
Sri Lanka,LKA,1980,Cereal yield (kg per hectare),AG.YLD.CREL.KG,2501.1
Sri Lanka,LKA,1979,Cereal yield (kg per hectare),AG.YLD.CREL.KG,2337.7
Sri Lanka,LKA,1978,Cereal yield (kg per hectare),AG.YLD.CREL.KG,2144.1
Sri Lanka,LKA,1977,Cereal yield (kg per hectare),AG.YLD.CREL.KG,2022.8
Sri Lanka,LKA,1976,Cereal yield (kg per hectare),AG.YLD.CREL.KG,1812.1
Sri Lanka,LKA,1975,Cereal yield (kg per hectare),AG.YLD.CREL.KG,1752.8
Sri Lanka,LKA,1974,Cereal yield (kg per hectare),AG.YLD.CREL.KG,1885.8
Sri Lanka,LKA,1973,Cereal yield (kg per hectare),AG.YLD.CREL.KG,1843.5
Sri Lanka,LKA,1972,Cereal yield (kg per hectare),AG.YLD.CREL.KG,1966.8
Sri Lanka,LKA,1971,Cereal yield (kg per hectare),AG.YLD.CREL.KG,1939.2
Sri Lanka,LKA,1970,Cereal yield (kg per hectare),AG.YLD.CREL.KG,2154.7
Sri Lanka,LKA,1969,Cereal yield (kg per hectare),AG.YLD.CREL.KG,2426.8
Sri Lanka,LKA,1968,Cereal yield (kg per hectare),AG.YLD.CREL.KG,2283.1
Sri Lanka,LKA,1967,Cereal yield (kg per hectare),AG.YLD.CREL.KG,2038.5
Sri Lanka,LKA,1966,Cereal yield (kg per hectare),AG.YLD.CREL.KG,1732.9
Sri Lanka,LKA,1965,Cereal yield (kg per hectare),AG.YLD.CREL.KG,1681.6
Sri Lanka,LKA,1964,Cereal yield (kg per hectare),AG.YLD.CREL.KG,1917.0
Sri Lanka,LKA,1963,Cereal yield (kg per hectare),AG.YLD.CREL.KG,1848.4
Sri Lanka,LKA,1962,Cereal yield (kg per hectare),AG.YLD.CREL.KG,1869.1
Sri Lanka,LKA,1961,Cereal yield (kg per hectare),AG.YLD.CREL.KG,1765.4
Sri Lanka,LKA,2023,"Foreign direct investment, net inflows (% of GDP)",BX.KLT.DINV.WD.GD.ZS,0.843827246415055
Sri Lanka,LKA,2022,"Foreign direct investment, net inflows (% of GDP)",BX.KLT.DINV.WD.GD.ZS,1.19246347205259
Sri Lanka,LKA,2021,"Foreign direct investment, net inflows (% of GDP)",BX.KLT.DINV.WD.GD.ZS,0.668428487135165
Sri Lanka,LKA,2020,"Foreign direct investment, net inflows (% of GDP)",BX.KLT.DINV.WD.GD.ZS,0.514891499955331
Sri Lanka,LKA,2019,"Foreign direct investment, net inflows (% of GDP)",BX.KLT.DINV.WD.GD.ZS,0.835214752952834
Sri Lanka,LKA,2018,"Foreign direct investment, net inflows (% of GDP)",BX.KLT.DINV.WD.GD.ZS,1.7080938570071
Sri Lanka,LKA,2017,"Foreign direct investment, net inflows (% of GDP)",BX.KLT.DINV.WD.GD.ZS,1.45452189573742
Sri Lanka,LKA,2016,"Foreign direct investment, net inflows (% of GDP)",BX.KLT.DINV.WD.GD.ZS,1.0192320360306
Sri Lanka,LKA,2015,"Foreign direct investment, net inflows (% of GDP)",BX.KLT.DINV.WD.GD.ZS,0.798271103654762
Sri Lanka,LKA,2014,"Foreign direct investment, net inflows (% of GDP)",BX.KLT.DINV.WD.GD.ZS,1.08281211166124
Sri Lanka,LKA,2013,"Foreign direct investment, net inflows (% of GDP)",BX.KLT.DINV.WD.GD.ZS,1.21109651353017
Sri Lanka,LKA,2012,"Foreign direct investment, net inflows (% of GDP)",BX.KLT.DINV.WD.GD.ZS,1.33591734742632
Sri Lanka,LKA,2011,"Foreign direct investment, net inflows (% of GDP)",BX.KLT.DINV.WD.GD.ZS,1.41088363979556
Sri Lanka,LKA,2010,"Foreign direct investment, net inflows (% of GDP)",BX.KLT.DINV.WD.GD.ZS,0.81444451886013
Sri Lanka,LKA,2009,"Foreign direct investment, net inflows (% of GDP)",BX.KLT.DINV.WD.GD.ZS,0.960390452698523
Sri Lanka,LKA,2008,"Foreign direct investment, net inflows (% of GDP)",BX.KLT.DINV.WD.GD.ZS,1.84752962305149
Sri Lanka,LKA,2007,"Foreign direct investment, net inflows (% of GDP)",BX.KLT.DINV.WD.GD.ZS,1.8639738781084
Sri Lanka,LKA,2006,"Foreign direct investment, net inflows (% of GDP)",BX.KLT.DINV.WD.GD.ZS,1.6962636199314
Sri Lanka,LKA,2005,"Foreign direct investment, net inflows (% of GDP)",BX.KLT.DINV.WD.GD.ZS,1.11612854301768
Sri Lanka,LKA,2004,"Foreign direct investment, net inflows (% of GDP)",BX.KLT.DINV.WD.GD.ZS,1.12667735136244
Sri Lanka,LKA,2003,"Foreign direct investment, net inflows (% of GDP)",BX.KLT.DINV.WD.GD.ZS,1.21132740876657
Sri Lanka,LKA,2002,"Foreign direct investment, net inflows (% of GDP)",BX.KLT.DINV.WD.GD.ZS,1.1882779089504
Sri Lanka,LKA,2001,"Foreign direct investment, net inflows (% of GDP)",BX.KLT.DINV.WD.GD.ZS,1.09074720867871
Sri Lanka,LKA,2000,"Foreign direct investment, net inflows (% of GDP)",BX.KLT.DINV.WD.GD.ZS,1.05898829001768
Sri Lanka,LKA,1999,"Foreign direct investment, net inflows (% of GDP)",BX.KLT.DINV.WD.GD.ZS,1.12676594982183
Sri Lanka,LKA,1998,"Foreign direct investment, net inflows (% of GDP)",BX.KLT.DINV.WD.GD.ZS,1.22459231183785
Sri Lanka,LKA,1997,"Foreign direct investment, net inflows (% of GDP)",BX.KLT.DINV.WD.GD.ZS,2.84957994822129
Sri Lanka,LKA,1996,"Foreign direct investment, net inflows (% of GDP)",BX.KLT.DINV.WD.GD.ZS,0.862545735590984
Sri Lanka,LKA,1995,"Foreign direct investment, net inflows (% of GDP)",BX.KLT.DINV.WD.GD.ZS,0.42975354803099
Sri Lanka,LKA,1994,"Foreign direct investment, net inflows (% of GDP)",BX.KLT.DINV.WD.GD.ZS,1.42019594735505
Sri Lanka,LKA,1993,"Foreign direct investment, net inflows (% of GDP)",BX.KLT.DINV.WD.GD.ZS,1.8810822763682
Sri Lanka,LKA,1992,"Foreign direct investment, net inflows (% of GDP)",BX.KLT.DINV.WD.GD.ZS,1.26379157039996
Sri Lanka,LKA,1991,"Foreign direct investment, net inflows (% of GDP)",BX.KLT.DINV.WD.GD.ZS,0.537191399720341
Sri Lanka,LKA,1990,"Foreign direct investment, net inflows (% of GDP)",BX.KLT.DINV.WD.GD.ZS,0.539742838707762
Sri Lanka,LKA,1989,"Foreign direct investment, net inflows (% of GDP)",BX.KLT.DINV.WD.GD.ZS,0.282532657248095
Sri Lanka,LKA,1988,"Foreign direct investment, net inflows (% of GDP)",BX.KLT.DINV.WD.GD.ZS,0.655203410477031
Sri Lanka,LKA,1987,"Foreign direct investment, net inflows (% of GDP)",BX.KLT.DINV.WD.GD.ZS,0.890492572784856
Sri Lanka,LKA,1986,"Foreign direct investment, net inflows (% of GDP)",BX.KLT.DINV.WD.GD.ZS,0.464045944529907
Sri Lanka,LKA,1985,"Foreign direct investment, net inflows (% of GDP)",BX.KLT.DINV.WD.GD.ZS,0.437605602559793
Sri Lanka,LKA,1984,"Foreign direct investment, net inflows (% of GDP)",BX.KLT.DINV.WD.GD.ZS,0.539629797470405
Sri Lanka,LKA,1983,"Foreign direct investment, net inflows (% of GDP)",BX.KLT.DINV.WD.GD.ZS,0.731028082171103
Sri Lanka,LKA,1982,"Foreign direct investment, net inflows (% of GDP)",BX.KLT.DINV.WD.GD.ZS,1.3329993952062
Sri Lanka,LKA,1981,"Foreign direct investment, net inflows (% of GDP)",BX.KLT.DINV.WD.GD.ZS,1.11563163647885
Sri Lanka,LKA,1980,"Foreign direct investment, net inflows (% of GDP)",BX.KLT.DINV.WD.GD.ZS,1.06868442099929
Sri Lanka,LKA,1979,"Foreign direct investment, net inflows (% of GDP)",BX.KLT.DINV.WD.GD.ZS,1.3942692352575
Sri Lanka,LKA,1978,"Foreign direct investment, net inflows (% of GDP)",BX.KLT.DINV.WD.GD.ZS,0.053944134412781
Sri Lanka,LKA,1977,"Foreign direct investment, net inflows (% of GDP)",BX.KLT.DINV.WD.GD.ZS,-0.0296884971590161
Sri Lanka,LKA,1976,"Foreign direct investment, net inflows (% of GDP)",BX.KLT.DINV.WD.GD.ZS,2.78449160679403e-05
Sri Lanka,LKA,1975,"Foreign direct investment, net inflows (% of GDP)",BX.KLT.DINV.WD.GD.ZS,0.0037641733391278
Sri Lanka,LKA,1974,"Foreign direct investment, net inflows (% of GDP)",BX.KLT.DINV.WD.GD.ZS,0.0391653667704346
Sri Lanka,LKA,1973,"Foreign direct investment, net inflows (% of GDP)",BX.KLT.DINV.WD.GD.ZS,0.0173875244512063
Sri Lanka,LKA,1972,"Foreign direct investment, net inflows (% of GDP)",BX.KLT.DINV.WD.GD.ZS,0.0117465730963468
Sri Lanka,LKA,1971,"Foreign direct investment, net inflows (% of GDP)",BX.KLT.DINV.WD.GD.ZS,0.0126619217081851
Sri Lanka,LKA,1970,"Foreign direct investment, net inflows (% of GDP)",BX.KLT.DINV.WD.GD.ZS,-0.0130635245901639
Sri Lanka,LKA,2022,Access to electricity (% of population),EG.ELC.ACCS.ZS,100.0
Sri Lanka,LKA,2021,Access to electricity (% of population),EG.ELC.ACCS.ZS,100.0
Sri Lanka,LKA,2020,Access to electricity (% of population),EG.ELC.ACCS.ZS,100.0
Sri Lanka,LKA,2019,Access to electricity (% of population),EG.ELC.ACCS.ZS,99.8
Sri Lanka,LKA,2018,Access to electricity (% of population),EG.ELC.ACCS.ZS,99.6
Sri Lanka,LKA,2017,Access to electricity (% of population),EG.ELC.ACCS.ZS,97.5
Sri Lanka,LKA,2016,Access to electricity (% of population),EG.ELC.ACCS.ZS,97.5
Sri Lanka,LKA,2015,Access to electricity (% of population),EG.ELC.ACCS.ZS,94.3
Sri Lanka,LKA,2014,Access to electricity (% of population),EG.ELC.ACCS.ZS,92.7
Sri Lanka,LKA,2013,Access to electricity (% of population),EG.ELC.ACCS.ZS,90.2
Sri Lanka,LKA,2012,Access to electricity (% of population),EG.ELC.ACCS.ZS,87.0
Sri Lanka,LKA,2011,Access to electricity (% of population),EG.ELC.ACCS.ZS,87.8
Sri Lanka,LKA,2010,Access to electricity (% of population),EG.ELC.ACCS.ZS,85.3
Sri Lanka,LKA,2009,Access to electricity (% of population),EG.ELC.ACCS.ZS,87.1
Sri Lanka,LKA,2008,Access to electricity (% of population),EG.ELC.ACCS.ZS,82.9
Sri Lanka,LKA,2007,Access to electricity (% of population),EG.ELC.ACCS.ZS,80.0
Sri Lanka,LKA,2006,Access to electricity (% of population),EG.ELC.ACCS.ZS,82.1
Sri Lanka,LKA,2005,Access to electricity (% of population),EG.ELC.ACCS.ZS,78.1
Sri Lanka,LKA,2004,Access to electricity (% of population),EG.ELC.ACCS.ZS,76.5
Sri Lanka,LKA,2003,Access to electricity (% of population),EG.ELC.ACCS.ZS,75.0
Sri Lanka,LKA,2002,Access to electricity (% of population),EG.ELC.ACCS.ZS,80.7
Sri Lanka,LKA,2001,Access to electricity (% of population),EG.ELC.ACCS.ZS,63.6
Sri Lanka,LKA,2000,Access to electricity (% of population),EG.ELC.ACCS.ZS,70.3
Sri Lanka,LKA,2021,Renewable energy consumption (% of total final energy consumption),EG.FEC.RNEW.ZS,48.8
Sri Lanka,LKA,2020,Renewable energy consumption (% of total final energy consumption),EG.FEC.RNEW.ZS,49.3
Sri Lanka,LKA,2019,Renewable energy consumption (% of total final energy consumption),EG.FEC.RNEW.ZS,46.1
Sri Lanka,LKA,2018,Renewable energy consumption (% of total final energy consumption),EG.FEC.RNEW.ZS,47.9
Sri Lanka,LKA,2017,Renewable energy consumption (% of total final energy consumption),EG.FEC.RNEW.ZS,45.8
Sri Lanka,LKA,2016,Renewable energy consumption (% of total final energy consumption),EG.FEC.RNEW.ZS,45.1
Sri Lanka,LKA,2015,Renewable energy consumption (% of total final energy consumption),EG.FEC.RNEW.ZS,51.3
Sri Lanka,LKA,2014,Renewable energy consumption (% of total final energy consumption),EG.FEC.RNEW.ZS,54.2
Sri Lanka,LKA,2013,Renewable energy consumption (% of total final energy consumption),EG.FEC.RNEW.ZS,56.9
Sri Lanka,LKA,2012,Renewable energy consumption (% of total final energy consumption),EG.FEC.RNEW.ZS,52.9
Sri Lanka,LKA,2011,Renewable energy consumption (% of total final energy consumption),EG.FEC.RNEW.ZS,56.4
Sri Lanka,LKA,2010,Renewable energy consumption (% of total final energy consumption),EG.FEC.RNEW.ZS,61.9
Sri Lanka,LKA,2009,Renewable energy consumption (% of total final energy consumption),EG.FEC.RNEW.ZS,63.5
Sri Lanka,LKA,2008,Renewable energy consumption (% of total final energy consumption),EG.FEC.RNEW.ZS,61.6
Sri Lanka,LKA,2007,Renewable energy consumption (% of total final energy consumption),EG.FEC.RNEW.ZS,60.2
Sri Lanka,LKA,2006,Renewable energy consumption (% of total final energy consumption),EG.FEC.RNEW.ZS,62.2
Sri Lanka,LKA,2005,Renewable energy consumption (% of total final energy consumption),EG.FEC.RNEW.ZS,60.1
Sri Lanka,LKA,2004,Renewable energy consumption (% of total final energy consumption),EG.FEC.RNEW.ZS,61.6
Sri Lanka,LKA,2003,Renewable energy consumption (% of total final energy consumption),EG.FEC.RNEW.ZS,61.3
Sri Lanka,LKA,2002,Renewable energy consumption (% of total final energy consumption),EG.FEC.RNEW.ZS,62.1
Sri Lanka,LKA,2001,Renewable energy consumption (% of total final energy consumption),EG.FEC.RNEW.ZS,62.9
Sri Lanka,LKA,2000,Renewable energy consumption (% of total final energy consumption),EG.FEC.RNEW.ZS,64.2
Sri Lanka,LKA,1999,Renewable energy consumption (% of total final energy consumption),EG.FEC.RNEW.ZS,63.2
Sri Lanka,LKA,1998,Renewable energy consumption (% of total final energy consumption),EG.FEC.RNEW.ZS,64.2
Sri Lanka,LKA,1997,Renewable energy consumption (% of total final energy consumption),EG.FEC.RNEW.ZS,65.9
Sri Lanka,LKA,1996,Renewable energy consumption (% of total final energy consumption),EG.FEC.RNEW.ZS,64.4
Sri Lanka,LKA,1995,Renewable energy consumption (% of total final energy consumption),EG.FEC.RNEW.ZS,69.9
Sri Lanka,LKA,1994,Renewable energy consumption (% of total final energy consumption),EG.FEC.RNEW.ZS,70.6
Sri Lanka,LKA,1993,Renewable energy consumption (% of total final energy consumption),EG.FEC.RNEW.ZS,74.2
Sri Lanka,LKA,1992,Renewable energy consumption (% of total final energy consumption),EG.FEC.RNEW.ZS,75.3
Sri Lanka,LKA,1991,Renewable energy consumption (% of total final energy consumption),EG.FEC.RNEW.ZS,78.0
Sri Lanka,LKA,1990,Renewable energy consumption (% of total final energy consumption),EG.FEC.RNEW.ZS,78.1
Sri Lanka,LKA,2011,Disaster risk reduction progress score (1-5 scale; 5=best),EN.CLC.DRSK.XQ,3.5
Sri Lanka,LKA,2009,"Droughts, floods, extreme temperatures (% of population, average 1990-2009)",EN.CLC.MDAT.ZS,2.16003002858256
Sri Lanka,LKA,2015,Rural population living in areas where elevation is below 5 meters (% of total population),EN.POP.EL5M.RU.ZS,1.46226732489724
Sri Lanka,LKA,2000,Rural population living in areas where elevation is below 5 meters (% of total population),EN.POP.EL5M.RU.ZS,1.51924661403655
Sri Lanka,LKA,1990,Rural population living in areas where elevation is below 5 meters (% of total population),EN.POP.EL5M.RU.ZS,1.68480477566835
Sri Lanka,LKA,2015,Urban population living in areas where elevation is below 5 meters (% of total population),EN.POP.EL5M.UR.ZS,2.37042769644117
Sri Lanka,LKA,2000,Urban population living in areas where elevation is below 5 meters (% of total population),EN.POP.EL5M.UR.ZS,2.39952463033443
Sri Lanka,LKA,1990,Urban population living in areas where elevation is below 5 meters (% of total population),EN.POP.EL5M.UR.ZS,2.32162856852562
Sri Lanka,LKA,2015,Population living in areas where elevation is below 5 meters (% of total population),EN.POP.EL5M.ZS,3.83269502133841
Sri Lanka,LKA,2000,Population living in areas where elevation is below 5 meters (% of total population),EN.POP.EL5M.ZS,3.91877124437098
Sri Lanka,LKA,1990,Population living in areas where elevation is below 5 meters (% of total population),EN.POP.EL5M.ZS,4.00643334419397
Sri Lanka,LKA,2021,"Annual freshwater withdrawals, total (billion cubic meters)",ER.H2O.FWTL.K3,12.946
Sri Lanka,LKA,2020,"Annual freshwater withdrawals, total (billion cubic meters)",ER.H2O.FWTL.K3,12.946
Sri Lanka,LKA,2019,"Annual freshwater withdrawals, total (billion cubic meters)",ER.H2O.FWTL.K3,12.946
Sri Lanka,LKA,2018,"Annual freshwater withdrawals, total (billion cubic meters)",ER.H2O.FWTL.K3,12.946
Sri Lanka,LKA,2017,"Annual freshwater withdrawals, total (billion cubic meters)",ER.H2O.FWTL.K3,12.946
Sri Lanka,LKA,2016,"Annual freshwater withdrawals, total (billion cubic meters)",ER.H2O.FWTL.K3,12.946
Sri Lanka,LKA,2015,"Annual freshwater withdrawals, total (billion cubic meters)",ER.H2O.FWTL.K3,12.946
Sri Lanka,LKA,2014,"Annual freshwater withdrawals, total (billion cubic meters)",ER.H2O.FWTL.K3,12.946
Sri Lanka,LKA,2013,"Annual freshwater withdrawals, total (billion cubic meters)",ER.H2O.FWTL.K3,12.946
Sri Lanka,LKA,2012,"Annual freshwater withdrawals, total (billion cubic meters)",ER.H2O.FWTL.K3,12.946
Sri Lanka,LKA,2011,"Annual freshwater withdrawals, total (billion cubic meters)",ER.H2O.FWTL.K3,12.946
Sri Lanka,LKA,2010,"Annual freshwater withdrawals, total (billion cubic meters)",ER.H2O.FWTL.K3,12.946
Sri Lanka,LKA,2009,"Annual freshwater withdrawals, total (billion cubic meters)",ER.H2O.FWTL.K3,12.946
Sri Lanka,LKA,2008,"Annual freshwater withdrawals, total (billion cubic meters)",ER.H2O.FWTL.K3,12.946
Sri Lanka,LKA,2007,"Annual freshwater withdrawals, total (billion cubic meters)",ER.H2O.FWTL.K3,12.946
Sri Lanka,LKA,2006,"Annual freshwater withdrawals, total (billion cubic meters)",ER.H2O.FWTL.K3,12.946
Sri Lanka,LKA,2005,"Annual freshwater withdrawals, total (billion cubic meters)",ER.H2O.FWTL.K3,12.946
Sri Lanka,LKA,2004,"Annual freshwater withdrawals, total (billion cubic meters)",ER.H2O.FWTL.K3,12.95892
Sri Lanka,LKA,2003,"Annual freshwater withdrawals, total (billion cubic meters)",ER.H2O.FWTL.K3,12.97184
Sri Lanka,LKA,2002,"Annual freshwater withdrawals, total (billion cubic meters)",ER.H2O.FWTL.K3,12.98476
Sri Lanka,LKA,2001,"Annual freshwater withdrawals, total (billion cubic meters)",ER.H2O.FWTL.K3,12.99768
Sri Lanka,LKA,2000,"Annual freshwater withdrawals, total (billion cubic meters)",ER.H2O.FWTL.K3,13.0106
Sri Lanka,LKA,1999,"Annual freshwater withdrawals, total (billion cubic meters)",ER.H2O.FWTL.K3,12.68644
Sri Lanka,LKA,1998,"Annual freshwater withdrawals, total (billion cubic meters)",ER.H2O.FWTL.K3,12.36228
Sri Lanka,LKA,1997,"Annual freshwater withdrawals, total (billion cubic meters)",ER.H2O.FWTL.K3,12.03812
Sri Lanka,LKA,1996,"Annual freshwater withdrawals, total (billion cubic meters)",ER.H2O.FWTL.K3,11.71396
Sri Lanka,LKA,1995,"Annual freshwater withdrawals, total (billion cubic meters)",ER.H2O.FWTL.K3,11.3898
Sri Lanka,LKA,1994,"Annual freshwater withdrawals, total (billion cubic meters)",ER.H2O.FWTL.K3,11.06564
Sri Lanka,LKA,1993,"Annual freshwater withdrawals, total (billion cubic meters)",ER.H2O.FWTL.K3,10.74148
Sri Lanka,LKA,1992,"Annual freshwater withdrawals, total (billion cubic meters)",ER.H2O.FWTL.K3,10.41732
Sri Lanka,LKA,1991,"Annual freshwater withdrawals, total (billion cubic meters)",ER.H2O.FWTL.K3,10.09316
Sri Lanka,LKA,1990,"Annual freshwater withdrawals, total (billion cubic meters)",ER.H2O.FWTL.K3,9.769
Sri Lanka,LKA,2021,"Annual freshwater withdrawals, total (% of internal resources)",ER.H2O.FWTL.ZS,24.5189393939394
Sri Lanka,LKA,2020,"Annual freshwater withdrawals, total (% of internal resources)",ER.H2O.FWTL.ZS,24.5189393939394
Sri Lanka,LKA,2019,"Annual freshwater withdrawals, total (% of internal resources)",ER.H2O.FWTL.ZS,24.5189393939394
Sri Lanka,LKA,2018,"Annual freshwater withdrawals, total (% of internal resources)",ER.H2O.FWTL.ZS,24.5189393939394
Sri Lanka,LKA,2017,"Annual freshwater withdrawals, total (% of internal resources)",ER.H2O.FWTL.ZS,24.5189393939394
Sri Lanka,LKA,2016,"Annual freshwater withdrawals, total (% of internal resources)",ER.H2O.FWTL.ZS,24.5189393939394
Sri Lanka,LKA,2015,"Annual freshwater withdrawals, total (% of internal resources)",ER.H2O.FWTL.ZS,24.5189393939394
Sri Lanka,LKA,2014,"Annual freshwater withdrawals, total (% of internal resources)",ER.H2O.FWTL.ZS,24.5189393939394
Sri Lanka,LKA,2013,"Annual freshwater withdrawals, total (% of internal resources)",ER.H2O.FWTL.ZS,24.5189393939394
Sri Lanka,LKA,2012,"Annual freshwater withdrawals, total (% of internal resources)",ER.H2O.FWTL.ZS,24.5189393939394
Sri Lanka,LKA,2011,"Annual freshwater withdrawals, total (% of internal resources)",ER.H2O.FWTL.ZS,24.5189393939394
Sri Lanka,LKA,2010,"Annual freshwater withdrawals, total (% of internal resources)",ER.H2O.FWTL.ZS,24.5189393939394
Sri Lanka,LKA,2009,"Annual freshwater withdrawals, total (% of internal resources)",ER.H2O.FWTL.ZS,24.5189393939394
Sri Lanka,LKA,2008,"Annual freshwater withdrawals, total (% of internal resources)",ER.H2O.FWTL.ZS,24.5189393939394
Sri Lanka,LKA,2007,"Annual freshwater withdrawals, total (% of internal resources)",ER.H2O.FWTL.ZS,24.5189393939394
Sri Lanka,LKA,2006,"Annual freshwater withdrawals, total (% of internal resources)",ER.H2O.FWTL.ZS,24.5189393939394
Sri Lanka,LKA,2005,"Annual freshwater withdrawals, total (% of internal resources)",ER.H2O.FWTL.ZS,24.5189393939394
Sri Lanka,LKA,2004,"Annual freshwater withdrawals, total (% of internal resources)",ER.H2O.FWTL.ZS,24.5434090909091
Sri Lanka,LKA,2003,"Annual freshwater withdrawals, total (% of internal resources)",ER.H2O.FWTL.ZS,24.5678787878788
Sri Lanka,LKA,2002,"Annual freshwater withdrawals, total (% of internal resources)",ER.H2O.FWTL.ZS,24.5923484848485
Sri Lanka,LKA,2001,"Annual freshwater withdrawals, total (% of internal resources)",ER.H2O.FWTL.ZS,24.6168181818182
Sri Lanka,LKA,2000,"Annual freshwater withdrawals, total (% of internal resources)",ER.H2O.FWTL.ZS,24.6412878787879
Sri Lanka,LKA,1999,"Annual freshwater withdrawals, total (% of internal resources)",ER.H2O.FWTL.ZS,24.0273484848485
Sri Lanka,LKA,1998,"Annual freshwater withdrawals, total (% of internal resources)",ER.H2O.FWTL.ZS,23.4134090909091
Sri Lanka,LKA,1997,"Annual freshwater withdrawals, total (% of internal resources)",ER.H2O.FWTL.ZS,22.7994696969697
Sri Lanka,LKA,1996,"Annual freshwater withdrawals, total (% of internal resources)",ER.H2O.FWTL.ZS,22.1855303030303
Sri Lanka,LKA,1995,"Annual freshwater withdrawals, total (% of internal resources)",ER.H2O.FWTL.ZS,21.5715909090909
Sri Lanka,LKA,1994,"Annual freshwater withdrawals, total (% of internal resources)",ER.H2O.FWTL.ZS,20.9576515151515
Sri Lanka,LKA,1993,"Annual freshwater withdrawals, total (% of internal resources)",ER.H2O.FWTL.ZS,20.3437121212121
Sri Lanka,LKA,1992,"Annual freshwater withdrawals, total (% of internal resources)",ER.H2O.FWTL.ZS,19.7297727272727
Sri Lanka,LKA,1991,"Annual freshwater withdrawals, total (% of internal resources)",ER.H2O.FWTL.ZS,19.1158333333333
Sri Lanka,LKA,1990,"Annual freshwater withdrawals, total (% of internal resources)",ER.H2O.FWTL.ZS,18.5018939393939
Sri Lanka,LKA,2022,Terrestrial protected areas (% of total land area),ER.LND.PTLD.ZS,29.8619995
Sri Lanka,LKA,2021,Terrestrial protected areas (% of total land area),ER.LND.PTLD.ZS,29.86199951
Sri Lanka,LKA,2020,Terrestrial protected areas (% of total land area),ER.LND.PTLD.ZS,29.862
Sri Lanka,LKA,2019,Terrestrial protected areas (% of total land area),ER.LND.PTLD.ZS,29.862
Sri Lanka,LKA,2018,Terrestrial protected areas (% of total land area),ER.LND.PTLD.ZS,29.8619988979122
Sri Lanka,LKA,2017,Terrestrial protected areas (% of total land area),ER.LND.PTLD.ZS,29.8619988979122
Sri Lanka,LKA,2016,Terrestrial protected areas (% of total land area),ER.LND.PTLD.ZS,29.86
Sri Lanka,LKA,2022,Marine protected areas (% of territorial waters),ER.MRN.PTMR.ZS,0.0746256
Sri Lanka,LKA,2021,Marine protected areas (% of territorial waters),ER.MRN.PTMR.ZS,0.074625649
Sri Lanka,LKA,2020,Marine protected areas (% of territorial waters),ER.MRN.PTMR.ZS,0.074626
Sri Lanka,LKA,2019,Marine protected areas (% of territorial waters),ER.MRN.PTMR.ZS,0.074626
Sri Lanka,LKA,2018,Marine protected areas (% of territorial waters),ER.MRN.PTMR.ZS,0.0746256541871951
Sri Lanka,LKA,2017,Marine protected areas (% of territorial waters),ER.MRN.PTMR.ZS,0.0746256541871951
Sri Lanka,LKA,2016,Marine protected areas (% of territorial waters),ER.MRN.PTMR.ZS,0.07470721
Sri Lanka,LKA,2022,Terrestrial and marine protected areas (% of total territorial area),ER.PTD.TOTL.ZS,3.37864224349665
Sri Lanka,LKA,2021,Terrestrial and marine protected areas (% of total territorial area),ER.PTD.TOTL.ZS,3.37864224349665
Sri Lanka,LKA,2020,Terrestrial and marine protected areas (% of total territorial area),ER.PTD.TOTL.ZS,3.37864224354659
Sri Lanka,LKA,2019,Terrestrial and marine protected areas (% of total territorial area),ER.PTD.TOTL.ZS,3.37864224354659
Sri Lanka,LKA,2018,Terrestrial and marine protected areas (% of total territorial area),ER.PTD.TOTL.ZS,3.37864252327298
Sri Lanka,LKA,2017,Terrestrial and marine protected areas (% of total territorial area),ER.PTD.TOTL.ZS,3.37864252327298
Sri Lanka,LKA,2016,Terrestrial and marine protected areas (% of total territorial area),ER.PTD.TOTL.ZS,3.37879848480939
Sri Lanka,LKA,2019,Ease of doing business rank (1=most business-friendly regulations),IC.BUS.EASE.XQ,99.0
Sri Lanka,LKA,2023,CPIA public sector management and institutions cluster average (1=low to 6=high),IQ.CPA.PUBS.XQ,3.3
Sri Lanka,LKA,2022,CPIA public sector management and institutions cluster average (1=low to 6=high),IQ.CPA.PUBS.XQ,3.3
Sri Lanka,LKA,2019,CPIA public sector management and institutions cluster average (1=low to 6=high),IQ.CPA.PUBS.XQ,3.3
Sri Lanka,LKA,2015,CPIA public sector management and institutions cluster average (1=low to 6=high),IQ.CPA.PUBS.XQ,3.4
Sri Lanka,LKA,2014,CPIA public sector management and institutions cluster average (1=low to 6=high),IQ.CPA.PUBS.XQ,3.3
Sri Lanka,LKA,2013,CPIA public sector management and institutions cluster average (1=low to 6=high),IQ.CPA.PUBS.XQ,3.3
Sri Lanka,LKA,2012,CPIA public sector management and institutions cluster average (1=low to 6=high),IQ.CPA.PUBS.XQ,3.4
Sri Lanka,LKA,2011,CPIA public sector management and institutions cluster average (1=low to 6=high),IQ.CPA.PUBS.XQ,3.4
Sri Lanka,LKA,2010,CPIA public sector management and institutions cluster average (1=low to 6=high),IQ.CPA.PUBS.XQ,3.4
Sri Lanka,LKA,2009,CPIA public sector management and institutions cluster average (1=low to 6=high),IQ.CPA.PUBS.XQ,3.4
Sri Lanka,LKA,2008,CPIA public sector management and institutions cluster average (1=low to 6=high),IQ.CPA.PUBS.XQ,3.3
Sri Lanka,LKA,2007,CPIA public sector management and institutions cluster average (1=low to 6=high),IQ.CPA.PUBS.XQ,3.3
Sri Lanka,LKA,2006,CPIA public sector management and institutions cluster average (1=low to 6=high),IQ.CPA.PUBS.XQ,3.5
Sri Lanka,LKA,2005,CPIA public sector management and institutions cluster average (1=low to 6=high),IQ.CPA.PUBS.XQ,3.5
Sri Lanka,LKA,2023,"Agriculture, forestry, and fishing, value added (% of GDP)",NV.AGR.TOTL.ZS,8.28102514095053
Sri Lanka,LKA,2022,"Agriculture, forestry, and fishing, value added (% of GDP)",NV.AGR.TOTL.ZS,8.49709598933623
Sri Lanka,LKA,2021,"Agriculture, forestry, and fishing, value added (% of GDP)",NV.AGR.TOTL.ZS,8.78994016463402
Sri Lanka,LKA,2020,"Agriculture, forestry, and fishing, value added (% of GDP)",NV.AGR.TOTL.ZS,8.25132314823574
Sri Lanka,LKA,2019,"Agriculture, forestry, and fishing, value added (% of GDP)",NV.AGR.TOTL.ZS,7.25624669982984
Sri Lanka,LKA,2018,"Agriculture, forestry, and fishing, value added (% of GDP)",NV.AGR.TOTL.ZS,7.59206395095741
Sri Lanka,LKA,2017,"Agriculture, forestry, and fishing, value added (% of GDP)",NV.AGR.TOTL.ZS,7.4306787796126
Sri Lanka,LKA,2016,"Agriculture, forestry, and fishing, value added (% of GDP)",NV.AGR.TOTL.ZS,7.26171847777838
Sri Lanka,LKA,2015,"Agriculture, forestry, and fishing, value added (% of GDP)",NV.AGR.TOTL.ZS,8.21693887941169
Sri Lanka,LKA,2014,"Agriculture, forestry, and fishing, value added (% of GDP)",NV.AGR.TOTL.ZS,8.08070792347262
Sri Lanka,LKA,2013,"Agriculture, forestry, and fishing, value added (% of GDP)",NV.AGR.TOTL.ZS,7.9246041166418
Sri Lanka,LKA,2012,"Agriculture, forestry, and fishing, value added (% of GDP)",NV.AGR.TOTL.ZS,7.91028886801456
Sri Lanka,LKA,2011,"Agriculture, forestry, and fishing, value added (% of GDP)",NV.AGR.TOTL.ZS,9.53315934995748
Sri Lanka,LKA,2010,"Agriculture, forestry, and fishing, value added (% of GDP)",NV.AGR.TOTL.ZS,9.04833700695796
Sri Lanka,LKA,2009,"Agriculture, forestry, and fishing, value added (% of GDP)",NV.AGR.TOTL.ZS,12.691971303497
Sri Lanka,LKA,2008,"Agriculture, forestry, and fishing, value added (% of GDP)",NV.AGR.TOTL.ZS,13.379200767591
Sri Lanka,LKA,2007,"Agriculture, forestry, and fishing, value added (% of GDP)",NV.AGR.TOTL.ZS,11.6831643328505
Sri Lanka,LKA,2006,"Agriculture, forestry, and fishing, value added (% of GDP)",NV.AGR.TOTL.ZS,11.3362802346632
Sri Lanka,LKA,2005,"Agriculture, forestry, and fishing, value added (% of GDP)",NV.AGR.TOTL.ZS,11.8194768226447
Sri Lanka,LKA,2004,"Agriculture, forestry, and fishing, value added (% of GDP)",NV.AGR.TOTL.ZS,12.5438041438828
Sri Lanka,LKA,2003,"Agriculture, forestry, and fishing, value added (% of GDP)",NV.AGR.TOTL.ZS,13.230514884212
Sri Lanka,LKA,2002,"Agriculture, forestry, and fishing, value added (% of GDP)",NV.AGR.TOTL.ZS,14.2793225360883
Sri Lanka,LKA,2001,"Agriculture, forestry, and fishing, value added (% of GDP)",NV.AGR.TOTL.ZS,20.0666052033611
Sri Lanka,LKA,2000,"Agriculture, forestry, and fishing, value added (% of GDP)",NV.AGR.TOTL.ZS,19.9273150418722
Sri Lanka,LKA,1999,"Agriculture, forestry, and fishing, value added (% of GDP)",NV.AGR.TOTL.ZS,20.7284809437567
Sri Lanka,LKA,1998,"Agriculture, forestry, and fishing, value added (% of GDP)",NV.AGR.TOTL.ZS,21.1644905234453
Sri Lanka,LKA,1997,"Agriculture, forestry, and fishing, value added (% of GDP)",NV.AGR.TOTL.ZS,21.9486006411524
Sri Lanka,LKA,1996,"Agriculture, forestry, and fishing, value added (% of GDP)",NV.AGR.TOTL.ZS,22.5390632811198
Sri Lanka,LKA,1995,"Agriculture, forestry, and fishing, value added (% of GDP)",NV.AGR.TOTL.ZS,23.1401230659566
Sri Lanka,LKA,1994,"Agriculture, forestry, and fishing, value added (% of GDP)",NV.AGR.TOTL.ZS,23.9738394947883
Sri Lanka,LKA,1993,"Agriculture, forestry, and fishing, value added (% of GDP)",NV.AGR.TOTL.ZS,24.8807033118813
Sri Lanka,LKA,1992,"Agriculture, forestry, and fishing, value added (% of GDP)",NV.AGR.TOTL.ZS,26.1223611336451
Sri Lanka,LKA,1991,"Agriculture, forestry, and fishing, value added (% of GDP)",NV.AGR.TOTL.ZS,27.0879705649331
Sri Lanka,LKA,1990,"Agriculture, forestry, and fishing, value added (% of GDP)",NV.AGR.TOTL.ZS,26.6849955743604
Sri Lanka,LKA,1989,"Agriculture, forestry, and fishing, value added (% of GDP)",NV.AGR.TOTL.ZS,25.9559828517097
Sri Lanka,LKA,1988,"Agriculture, forestry, and fishing, value added (% of GDP)",NV.AGR.TOTL.ZS,26.6836234329811
Sri Lanka,LKA,1987,"Agriculture, forestry, and fishing, value added (% of GDP)",NV.AGR.TOTL.ZS,27.3022899310198
Sri Lanka,LKA,1986,"Agriculture, forestry, and fishing, value added (% of GDP)",NV.AGR.TOTL.ZS,27.4549968067798
Sri Lanka,LKA,1985,"Agriculture, forestry, and fishing, value added (% of GDP)",NV.AGR.TOTL.ZS,28.0574636126251
Sri Lanka,LKA,1984,"Agriculture, forestry, and fishing, value added (% of GDP)",NV.AGR.TOTL.ZS,28.8564893174457
Sri Lanka,LKA,1983,"Agriculture, forestry, and fishing, value added (% of GDP)",NV.AGR.TOTL.ZS,28.4760071964869
Sri Lanka,LKA,1982,"Agriculture, forestry, and fishing, value added (% of GDP)",NV.AGR.TOTL.ZS,26.5994501995203
Sri Lanka,LKA,1981,"Agriculture, forestry, and fishing, value added (% of GDP)",NV.AGR.TOTL.ZS,27.9615910475854
Sri Lanka,LKA,1980,"Agriculture, forestry, and fishing, value added (% of GDP)",NV.AGR.TOTL.ZS,27.8179872683271
Sri Lanka,LKA,1979,"Agriculture, forestry, and fishing, value added (% of GDP)",NV.AGR.TOTL.ZS,27.2362996888541
Sri Lanka,LKA,1978,"Agriculture, forestry, and fishing, value added (% of GDP)",NV.AGR.TOTL.ZS,30.7851856463143
Sri Lanka,LKA,1977,"Agriculture, forestry, and fishing, value added (% of GDP)",NV.AGR.TOTL.ZS,30.9778232235559
Sri Lanka,LKA,1976,"Agriculture, forestry, and fishing, value added (% of GDP)",NV.AGR.TOTL.ZS,29.3206117240009
Sri Lanka,LKA,1975,"Agriculture, forestry, and fishing, value added (% of GDP)",NV.AGR.TOTL.ZS,30.6494282989051
Sri Lanka,LKA,1974,"Agriculture, forestry, and fishing, value added (% of GDP)",NV.AGR.TOTL.ZS,33.5287234613605
Sri Lanka,LKA,1973,"Agriculture, forestry, and fishing, value added (% of GDP)",NV.AGR.TOTL.ZS,27.6691571451858
Sri Lanka,LKA,1972,"Agriculture, forestry, and fishing, value added (% of GDP)",NV.AGR.TOTL.ZS,26.7386974945891
Sri Lanka,LKA,1971,"Agriculture, forestry, and fishing, value added (% of GDP)",NV.AGR.TOTL.ZS,27.5239552170819
Sri Lanka,LKA,1970,"Agriculture, forestry, and fishing, value added (% of GDP)",NV.AGR.TOTL.ZS,28.7677688451405
Sri Lanka,LKA,1969,"Agriculture, forestry, and fishing, value added (% of GDP)",NV.AGR.TOTL.ZS,29.3232354681488
Sri Lanka,LKA,1968,"Agriculture, forestry, and fishing, value added (% of GDP)",NV.AGR.TOTL.ZS,31.6278697704796
Sri Lanka,LKA,1967,"Agriculture, forestry, and fishing, value added (% of GDP)",NV.AGR.TOTL.ZS,30.0772317915237
Sri Lanka,LKA,1966,"Agriculture, forestry, and fishing, value added (% of GDP)",NV.AGR.TOTL.ZS,28.6826528487466
Sri Lanka,LKA,1965,"Agriculture, forestry, and fishing, value added (% of GDP)",NV.AGR.TOTL.ZS,28.5648868629391
Sri Lanka,LKA,1964,"Agriculture, forestry, and fishing, value added (% of GDP)",NV.AGR.TOTL.ZS,30.9623853971513
Sri Lanka,LKA,1963,"Agriculture, forestry, and fishing, value added (% of GDP)",NV.AGR.TOTL.ZS,32.3497414386345
Sri Lanka,LKA,1962,"Agriculture, forestry, and fishing, value added (% of GDP)",NV.AGR.TOTL.ZS,31.0925225394548
Sri Lanka,LKA,1961,"Agriculture, forestry, and fishing, value added (% of GDP)",NV.AGR.TOTL.ZS,32.9099504436364
Sri Lanka,LKA,1960,"Agriculture, forestry, and fishing, value added (% of GDP)",NV.AGR.TOTL.ZS,32.1041969304128
Sri Lanka,LKA,2018,"School enrollment, primary and secondary (gross), gender parity index (GPI)",SE.ENR.PRSC.FM.ZS,1.02416002750397
Sri Lanka,LKA,2017,"School enrollment, primary and secondary (gross), gender parity index (GPI)",SE.ENR.PRSC.FM.ZS,1.02471995353699
Sri Lanka,LKA,2016,"School enrollment, primary and secondary (gross), gender parity index (GPI)",SE.ENR.PRSC.FM.ZS,1.01145994663239
Sri Lanka,LKA,2013,"School enrollment, primary and secondary (gross), gender parity index (GPI)",SE.ENR.PRSC.FM.ZS,1.01747000217438
Sri Lanka,LKA,2012,"School enrollment, primary and secondary (gross), gender parity index (GPI)",SE.ENR.PRSC.FM.ZS,1.0183299779892
Sri Lanka,LKA,2011,"School enrollment, primary and secondary (gross), gender parity index (GPI)",SE.ENR.PRSC.FM.ZS,0.995890021324158
Sri Lanka,LKA,2010,"School enrollment, primary and secondary (gross), gender parity index (GPI)",SE.ENR.PRSC.FM.ZS,0.997380018234253
Sri Lanka,LKA,1995,"School enrollment, primary and secondary (gross), gender parity index (GPI)",SE.ENR.PRSC.FM.ZS,1.0286500453949
Sri Lanka,LKA,1994,"School enrollment, primary and secondary (gross), gender parity index (GPI)",SE.ENR.PRSC.FM.ZS,1.03672003746033
Sri Lanka,LKA,1993,"School enrollment, primary and secondary (gross), gender parity index (GPI)",SE.ENR.PRSC.FM.ZS,1.02930998802185
Sri Lanka,LKA,1992,"School enrollment, primary and secondary (gross), gender parity index (GPI)",SE.ENR.PRSC.FM.ZS,1.02672004699707
Sri Lanka,LKA,1991,"School enrollment, primary and secondary (gross), gender parity index (GPI)",SE.ENR.PRSC.FM.ZS,1.02661001682281
Sri Lanka,LKA,1990,"School enrollment, primary and secondary (gross), gender parity index (GPI)",SE.ENR.PRSC.FM.ZS,1.02120995521545
Sri Lanka,LKA,1989,"School enrollment, primary and secondary (gross), gender parity index (GPI)",SE.ENR.PRSC.FM.ZS,1.02107000350952
Sri Lanka,LKA,1988,"School enrollment, primary and secondary (gross), gender parity index (GPI)",SE.ENR.PRSC.FM.ZS,1.02125000953674
Sri Lanka,LKA,1987,"School enrollment, primary and secondary (gross), gender parity index (GPI)",SE.ENR.PRSC.FM.ZS,1.02188003063202
Sri Lanka,LKA,1986,"School enrollment, primary and secondary (gross), gender parity index (GPI)",SE.ENR.PRSC.FM.ZS,1.02198004722595
Sri Lanka,LKA,1985,"School enrollment, primary and secondary (gross), gender parity index (GPI)",SE.ENR.PRSC.FM.ZS,1.01777994632721
Sri Lanka,LKA,1984,"School enrollment, primary and secondary (gross), gender parity index (GPI)",SE.ENR.PRSC.FM.ZS,1.01797997951508
Sri Lanka,LKA,1983,"School enrollment, primary and secondary (gross), gender parity index (GPI)",SE.ENR.PRSC.FM.ZS,1.01531004905701
Sri Lanka,LKA,1982,"School enrollment, primary and secondary (gross), gender parity index (GPI)",SE.ENR.PRSC.FM.ZS,1.01670002937317
Sri Lanka,LKA,1981,"School enrollment, primary and secondary (gross), gender parity index (GPI)",SE.ENR.PRSC.FM.ZS,1.00952005386353
Sri Lanka,LKA,1976,"School enrollment, primary and secondary (gross), gender parity index (GPI)",SE.ENR.PRSC.FM.ZS,0.979610025882721
Sri Lanka,LKA,2022,"Primary completion rate, total (% of relevant age group)",SE.PRM.CMPT.ZS,96.1759262084961
Sri Lanka,LKA,2021,"Primary completion rate, total (% of relevant age group)",SE.PRM.CMPT.ZS,98.5569839477539
Sri Lanka,LKA,2020,"Primary completion rate, total (% of relevant age group)",SE.PRM.CMPT.ZS,96.5811538696289
Sri Lanka,LKA,2019,"Primary completion rate, total (% of relevant age group)",SE.PRM.CMPT.ZS,95.8618850708008
Sri Lanka,LKA,2017,"Primary completion rate, total (% of relevant age group)",SE.PRM.CMPT.ZS,97.0510177612305
Sri Lanka,LKA,2016,"Primary completion rate, total (% of relevant age group)",SE.PRM.CMPT.ZS,96.0217666625977
Sri Lanka,LKA,2015,"Primary completion rate, total (% of relevant age group)",SE.PRM.CMPT.ZS,95.0213775634766
Sri Lanka,LKA,2014,"Primary completion rate, total (% of relevant age group)",SE.PRM.CMPT.ZS,95.3030700683594
Sri Lanka,LKA,2013,"Primary completion rate, total (% of relevant age group)",SE.PRM.CMPT.ZS,95.9955596923828
Sri Lanka,LKA,2012,"Primary completion rate, total (% of relevant age group)",SE.PRM.CMPT.ZS,94.7109985351562
Sri Lanka,LKA,2011,"Primary completion rate, total (% of relevant age group)",SE.PRM.CMPT.ZS,97.2052841186523
Sri Lanka,LKA,2010,"Primary completion rate, total (% of relevant age group)",SE.PRM.CMPT.ZS,97.0429763793945
Sri Lanka,LKA,2009,"Primary completion rate, total (% of relevant age group)",SE.PRM.CMPT.ZS,91.4341201782227
Sri Lanka,LKA,2008,"Primary completion rate, total (% of relevant age group)",SE.PRM.CMPT.ZS,91.6855163574219
Sri Lanka,LKA,2007,"Primary completion rate, total (% of relevant age group)",SE.PRM.CMPT.ZS,95.5924224853516
Sri Lanka,LKA,2006,"Primary completion rate, total (% of relevant age group)",SE.PRM.CMPT.ZS,97.3986434936523
Sri Lanka,LKA,2005,"Primary completion rate, total (% of relevant age group)",SE.PRM.CMPT.ZS,97.3778533935547
Sri Lanka,LKA,2003,"Primary completion rate, total (% of relevant age group)",SE.PRM.CMPT.ZS,101.221389770508
Sri Lanka,LKA,2002,"Primary completion rate, total (% of relevant age group)",SE.PRM.CMPT.ZS,107.363800048828
Sri Lanka,LKA,2001,"Primary completion rate, total (% of relevant age group)",SE.PRM.CMPT.ZS,103.639060974121
Sri Lanka,LKA,1998,"Primary completion rate, total (% of relevant age group)",SE.PRM.CMPT.ZS,98.8871688842773
Sri Lanka,LKA,1992,"Primary completion rate, total (% of relevant age group)",SE.PRM.CMPT.ZS,96.1793823242188
Sri Lanka,LKA,1991,"Primary completion rate, total (% of relevant age group)",SE.PRM.CMPT.ZS,96.7997665405273
Sri Lanka,LKA,1990,"Primary completion rate, total (% of relevant age group)",SE.PRM.CMPT.ZS,93.7467575073242
Sri Lanka,LKA,1989,"Primary completion rate, total (% of relevant age group)",SE.PRM.CMPT.ZS,94.3084564208984
Sri Lanka,LKA,1987,"Primary completion rate, total (% of relevant age group)",SE.PRM.CMPT.ZS,92.1939392089844
Sri Lanka,LKA,1986,"Primary completion rate, total (% of relevant age group)",SE.PRM.CMPT.ZS,92.6039428710938
Sri Lanka,LKA,1985,"Primary completion rate, total (% of relevant age group)",SE.PRM.CMPT.ZS,91.9014205932617
Sri Lanka,LKA,1984,"Primary completion rate, total (% of relevant age group)",SE.PRM.CMPT.ZS,89.610969543457
Sri Lanka,LKA,1983,"Primary completion rate, total (% of relevant age group)",SE.PRM.CMPT.ZS,85.8522186279297
Sri Lanka,LKA,1982,"Primary completion rate, total (% of relevant age group)",SE.PRM.CMPT.ZS,87.0068588256836
Sri Lanka,LKA,1981,"Primary completion rate, total (% of relevant age group)",SE.PRM.CMPT.ZS,92.9322204589844
Sri Lanka,LKA,1980,"Primary completion rate, total (% of relevant age group)",SE.PRM.CMPT.ZS,84.9709625244141
Sri Lanka,LKA,1979,"Primary completion rate, total (% of relevant age group)",SE.PRM.CMPT.ZS,78.0416107177734
Sri Lanka,LKA,1978,"Primary completion rate, total (% of relevant age group)",SE.PRM.CMPT.ZS,74.6774520874023
Sri Lanka,LKA,1977,"Primary completion rate, total (% of relevant age group)",SE.PRM.CMPT.ZS,59.0057792663574
Sri Lanka,LKA,1976,"Primary completion rate, total (% of relevant age group)",SE.PRM.CMPT.ZS,42.7832908630371
Sri Lanka,LKA,1975,"Primary completion rate, total (% of relevant age group)",SE.PRM.CMPT.ZS,71.0388717651367
Sri Lanka,LKA,1974,"Primary completion rate, total (% of relevant age group)",SE.PRM.CMPT.ZS,73.1283874511719
Sri Lanka,LKA,1972,"Primary completion rate, total (% of relevant age group)",SE.PRM.CMPT.ZS,80.8488922119141
Sri Lanka,LKA,1970,"Primary completion rate, total (% of relevant age group)",SE.PRM.CMPT.ZS,64.5187835693359
Sri Lanka,LKA,2022,"Mortality rate, under-5 (per 1,000 live births)",SH.DYN.MORT,6.5
Sri Lanka,LKA,2021,"Mortality rate, under-5 (per 1,000 live births)",SH.DYN.MORT,6.7
Sri Lanka,LKA,2020,"Mortality rate, under-5 (per 1,000 live births)",SH.DYN.MORT,7.0
Sri Lanka,LKA,2019,"Mortality rate, under-5 (per 1,000 live births)",SH.DYN.MORT,7.3
Sri Lanka,LKA,2018,"Mortality rate, under-5 (per 1,000 live births)",SH.DYN.MORT,7.6
Sri Lanka,LKA,2017,"Mortality rate, under-5 (per 1,000 live births)",SH.DYN.MORT,7.9
Sri Lanka,LKA,2016,"Mortality rate, under-5 (per 1,000 live births)",SH.DYN.MORT,8.3
Sri Lanka,LKA,2015,"Mortality rate, under-5 (per 1,000 live births)",SH.DYN.MORT,8.8
Sri Lanka,LKA,2014,"Mortality rate, under-5 (per 1,000 live births)",SH.DYN.MORT,9.3
Sri Lanka,LKA,2013,"Mortality rate, under-5 (per 1,000 live births)",SH.DYN.MORT,9.9
Sri Lanka,LKA,2012,"Mortality rate, under-5 (per 1,000 live births)",SH.DYN.MORT,10.4
Sri Lanka,LKA,2011,"Mortality rate, under-5 (per 1,000 live births)",SH.DYN.MORT,10.8
Sri Lanka,LKA,2010,"Mortality rate, under-5 (per 1,000 live births)",SH.DYN.MORT,11.2
Sri Lanka,LKA,2009,"Mortality rate, under-5 (per 1,000 live births)",SH.DYN.MORT,20.8
Sri Lanka,LKA,2008,"Mortality rate, under-5 (per 1,000 live births)",SH.DYN.MORT,12.0
Sri Lanka,LKA,2007,"Mortality rate, under-5 (per 1,000 live births)",SH.DYN.MORT,12.6
Sri Lanka,LKA,2006,"Mortality rate, under-5 (per 1,000 live births)",SH.DYN.MORT,13.3
Sri Lanka,LKA,2005,"Mortality rate, under-5 (per 1,000 live births)",SH.DYN.MORT,14.1
Sri Lanka,LKA,2004,"Mortality rate, under-5 (per 1,000 live births)",SH.DYN.MORT,28.7
Sri Lanka,LKA,2003,"Mortality rate, under-5 (per 1,000 live births)",SH.DYN.MORT,15.1
Sri Lanka,LKA,2002,"Mortality rate, under-5 (per 1,000 live births)",SH.DYN.MORT,15.6
Sri Lanka,LKA,2001,"Mortality rate, under-5 (per 1,000 live births)",SH.DYN.MORT,16.1
Sri Lanka,LKA,2000,"Mortality rate, under-5 (per 1,000 live births)",SH.DYN.MORT,16.7
Sri Lanka,LKA,1999,"Mortality rate, under-5 (per 1,000 live births)",SH.DYN.MORT,17.5
Sri Lanka,LKA,1998,"Mortality rate, under-5 (per 1,000 live births)",SH.DYN.MORT,18.4
Sri Lanka,LKA,1997,"Mortality rate, under-5 (per 1,000 live births)",SH.DYN.MORT,19.1
Sri Lanka,LKA,1996,"Mortality rate, under-5 (per 1,000 live births)",SH.DYN.MORT,19.8
Sri Lanka,LKA,1995,"Mortality rate, under-5 (per 1,000 live births)",SH.DYN.MORT,20.4
Sri Lanka,LKA,1994,"Mortality rate, under-5 (per 1,000 live births)",SH.DYN.MORT,20.9
Sri Lanka,LKA,1993,"Mortality rate, under-5 (per 1,000 live births)",SH.DYN.MORT,21.3
Sri Lanka,LKA,1992,"Mortality rate, under-5 (per 1,000 live births)",SH.DYN.MORT,21.7
Sri Lanka,LKA,1991,"Mortality rate, under-5 (per 1,000 live births)",SH.DYN.MORT,22.0
Sri Lanka,LKA,1990,"Mortality rate, under-5 (per 1,000 live births)",SH.DYN.MORT,22.3
Sri Lanka,LKA,1989,"Mortality rate, under-5 (per 1,000 live births)",SH.DYN.MORT,26.6
Sri Lanka,LKA,1988,"Mortality rate, under-5 (per 1,000 live births)",SH.DYN.MORT,23.5
Sri Lanka,LKA,1987,"Mortality rate, under-5 (per 1,000 live births)",SH.DYN.MORT,25.1
Sri Lanka,LKA,1986,"Mortality rate, under-5 (per 1,000 live births)",SH.DYN.MORT,27.4
Sri Lanka,LKA,1985,"Mortality rate, under-5 (per 1,000 live births)",SH.DYN.MORT,30.2
Sri Lanka,LKA,1984,"Mortality rate, under-5 (per 1,000 live births)",SH.DYN.MORT,33.5
Sri Lanka,LKA,1983,"Mortality rate, under-5 (per 1,000 live births)",SH.DYN.MORT,36.9
Sri Lanka,LKA,1982,"Mortality rate, under-5 (per 1,000 live births)",SH.DYN.MORT,40.0
Sri Lanka,LKA,1981,"Mortality rate, under-5 (per 1,000 live births)",SH.DYN.MORT,43.0
Sri Lanka,LKA,1980,"Mortality rate, under-5 (per 1,000 live births)",SH.DYN.MORT,46.2
Sri Lanka,LKA,1979,"Mortality rate, under-5 (per 1,000 live births)",SH.DYN.MORT,49.9
Sri Lanka,LKA,1978,"Mortality rate, under-5 (per 1,000 live births)",SH.DYN.MORT,53.8
Sri Lanka,LKA,1977,"Mortality rate, under-5 (per 1,000 live births)",SH.DYN.MORT,57.7
Sri Lanka,LKA,1976,"Mortality rate, under-5 (per 1,000 live births)",SH.DYN.MORT,61.2
Sri Lanka,LKA,1975,"Mortality rate, under-5 (per 1,000 live births)",SH.DYN.MORT,64.0
Sri Lanka,LKA,1974,"Mortality rate, under-5 (per 1,000 live births)",SH.DYN.MORT,66.1
Sri Lanka,LKA,1973,"Mortality rate, under-5 (per 1,000 live births)",SH.DYN.MORT,67.6
Sri Lanka,LKA,1972,"Mortality rate, under-5 (per 1,000 live births)",SH.DYN.MORT,68.6
Sri Lanka,LKA,1971,"Mortality rate, under-5 (per 1,000 live births)",SH.DYN.MORT,69.4
Sri Lanka,LKA,1970,"Mortality rate, under-5 (per 1,000 live births)",SH.DYN.MORT,70.2
Sri Lanka,LKA,1969,"Mortality rate, under-5 (per 1,000 live births)",SH.DYN.MORT,71.4
Sri Lanka,LKA,1968,"Mortality rate, under-5 (per 1,000 live births)",SH.DYN.MORT,73.1
Sri Lanka,LKA,1967,"Mortality rate, under-5 (per 1,000 live births)",SH.DYN.MORT,75.5
Sri Lanka,LKA,1966,"Mortality rate, under-5 (per 1,000 live births)",SH.DYN.MORT,78.2
Sri Lanka,LKA,1965,"Mortality rate, under-5 (per 1,000 live births)",SH.DYN.MORT,80.8
Sri Lanka,LKA,1964,"Mortality rate, under-5 (per 1,000 live births)",SH.DYN.MORT,82.8
Sri Lanka,LKA,1963,"Mortality rate, under-5 (per 1,000 live births)",SH.DYN.MORT,84.7
Sri Lanka,LKA,1962,"Mortality rate, under-5 (per 1,000 live births)",SH.DYN.MORT,86.9
Sri Lanka,LKA,1961,"Mortality rate, under-5 (per 1,000 live births)",SH.DYN.MORT,89.7
Sri Lanka,LKA,1960,"Mortality rate, under-5 (per 1,000 live births)",SH.DYN.MORT,93.9
Sri Lanka,LKA,2016,"Prevalence of underweight, weight for age (% of children under 5)",SH.STA.MALN.ZS,20.5
Sri Lanka,LKA,2012,"Prevalence of underweight, weight for age (% of children under 5)",SH.STA.MALN.ZS,26.1
Sri Lanka,LKA,2009,"Prevalence of underweight, weight for age (% of children under 5)",SH.STA.MALN.ZS,21.6
Sri Lanka,LKA,2007,"Prevalence of underweight, weight for age (% of children under 5)",SH.STA.MALN.ZS,22.1
Sri Lanka,LKA,2000,"Prevalence of underweight, weight for age (% of children under 5)",SH.STA.MALN.ZS,22.9
Sri Lanka,LKA,1995,"Prevalence of underweight, weight for age (% of children under 5)",SH.STA.MALN.ZS,29.3
Sri Lanka,LKA,1993,"Prevalence of underweight, weight for age (% of children under 5)",SH.STA.MALN.ZS,29.1
Sri Lanka,LKA,1987,"Prevalence of underweight, weight for age (% of children under 5)",SH.STA.MALN.ZS,31.5
Sri Lanka,LKA,2019,Poverty headcount ratio at $2.15 a day (2017 PPP) (% of population),SI.POV.DDAY,1.0
Sri Lanka,LKA,2016,Poverty headcount ratio at $2.15 a day (2017 PPP) (% of population),SI.POV.DDAY,1.3
Sri Lanka,LKA,2012,Poverty headcount ratio at $2.15 a day (2017 PPP) (% of population),SI.POV.DDAY,2.6
Sri Lanka,LKA,2009,Poverty headcount ratio at $2.15 a day (2017 PPP) (% of population),SI.POV.DDAY,3.5
Sri Lanka,LKA,2006,Poverty headcount ratio at $2.15 a day (2017 PPP) (% of population),SI.POV.DDAY,5.6
Sri Lanka,LKA,2002,Poverty headcount ratio at $2.15 a day (2017 PPP) (% of population),SI.POV.DDAY,11.0
Sri Lanka,LKA,1995,Poverty headcount ratio at $2.15 a day (2017 PPP) (% of population),SI.POV.DDAY,11.8
Sri Lanka,LKA,1990,Poverty headcount ratio at $2.15 a day (2017 PPP) (% of population),SI.POV.DDAY,11.6
Sri Lanka,LKA,1985,Poverty headcount ratio at $2.15 a day (2017 PPP) (% of population),SI.POV.DDAY,17.2
Sri Lanka,LKA,2023,Population growth (annual %),SP.POP.GROW,-0.651320770103285
Sri Lanka,LKA,2022,Population growth (annual %),SP.POP.GROW,0.112772639779474
Sri Lanka,LKA,2021,Population growth (annual %),SP.POP.GROW,1.07544995696428
Sri Lanka,LKA,2020,Population growth (annual %),SP.POP.GROW,0.530626559530355
Sri Lanka,LKA,2019,Population growth (annual %),SP.POP.GROW,0.611875945764341
Sri Lanka,LKA,2018,Population growth (annual %),SP.POP.GROW,1.04839295829763
Sri Lanka,LKA,2017,Population growth (annual %),SP.POP.GROW,1.1019266072082
Sri Lanka,LKA,2016,Population growth (annual %),SP.POP.GROW,1.13327749793807
Sri Lanka,LKA,2015,Population growth (annual %),SP.POP.GROW,0.91981102654886
Sri Lanka,LKA,2014,Population growth (annual %),SP.POP.GROW,0.933207942647201
Sri Lanka,LKA,2013,Population growth (annual %),SP.POP.GROW,-2.79968273298027
Sri Lanka,LKA,2012,Population growth (annual %),SP.POP.GROW,0.760628047767682
Sri Lanka,LKA,2011,Population growth (annual %),SP.POP.GROW,0.620507027958285
Sri Lanka,LKA,2010,Population growth (annual %),SP.POP.GROW,0.589181271319281
Sri Lanka,LKA,2009,Population growth (annual %),SP.POP.GROW,0.614014271918797
Sri Lanka,LKA,2008,Population growth (annual %),SP.POP.GROW,0.665501489405385
Sri Lanka,LKA,2007,Population growth (annual %),SP.POP.GROW,0.686177993870037
Sri Lanka,LKA,2006,Population growth (annual %),SP.POP.GROW,0.669909171598541
Sri Lanka,LKA,2005,Population growth (annual %),SP.POP.GROW,0.639733163202014
Sri Lanka,LKA,2004,Population growth (annual %),SP.POP.GROW,0.679757715006083
Sri Lanka,LKA,2003,Population growth (annual %),SP.POP.GROW,0.733298046863635
Sri Lanka,LKA,2002,Population growth (annual %),SP.POP.GROW,1.04243651089033
Sri Lanka,LKA,2001,Population growth (annual %),SP.POP.GROW,1.58029006941291
Sri Lanka,LKA,2000,Population growth (annual %),SP.POP.GROW,1.82192893868799
Sri Lanka,LKA,1999,Population growth (annual %),SP.POP.GROW,1.85791802193191
Sri Lanka,LKA,1998,Population growth (annual %),SP.POP.GROW,1.88802201260991
Sri Lanka,LKA,1997,Population growth (annual %),SP.POP.GROW,1.89854362715713
Sri Lanka,LKA,1996,Population growth (annual %),SP.POP.GROW,1.92257845082404
Sri Lanka,LKA,1995,Population growth (annual %),SP.POP.GROW,1.65501088509534
Sri Lanka,LKA,1994,Population growth (annual %),SP.POP.GROW,1.45683441097245
Sri Lanka,LKA,1993,Population growth (annual %),SP.POP.GROW,1.69784789442256
Sri Lanka,LKA,1992,Population growth (annual %),SP.POP.GROW,1.58927250831319
Sri Lanka,LKA,1991,Population growth (annual %),SP.POP.GROW,0.748734482407864
Sri Lanka,LKA,1990,Population growth (annual %),SP.POP.GROW,0.637411760252378
Sri Lanka,LKA,1989,Population growth (annual %),SP.POP.GROW,1.05136034659287
Sri Lanka,LKA,1988,Population growth (annual %),SP.POP.GROW,1.01294194595377
Sri Lanka,LKA,1987,Population growth (annual %),SP.POP.GROW,1.17115205994745
Sri Lanka,LKA,1986,Population growth (annual %),SP.POP.GROW,1.19649419220381
Sri Lanka,LKA,1985,Population growth (annual %),SP.POP.GROW,0.660261572342523
Sri Lanka,LKA,1984,Population growth (annual %),SP.POP.GROW,0.344242145520742
Sri Lanka,LKA,1983,Population growth (annual %),SP.POP.GROW,0.666511330978769
Sri Lanka,LKA,1982,Population growth (annual %),SP.POP.GROW,1.2318533776583
Sri Lanka,LKA,1981,Population growth (annual %),SP.POP.GROW,1.67925101560856
Sri Lanka,LKA,1980,Population growth (annual %),SP.POP.GROW,1.82391733574432
Sri Lanka,LKA,1979,Population growth (annual %),SP.POP.GROW,1.86567132850764
Sri Lanka,LKA,1978,Population growth (annual %),SP.POP.GROW,1.83899122278722
Sri Lanka,LKA,1977,Population growth (annual %),SP.POP.GROW,1.81431192980305
Sri Lanka,LKA,1976,Population growth (annual %),SP.POP.GROW,1.81229438316652
Sri Lanka,LKA,1975,Population growth (annual %),SP.POP.GROW,1.81195742093226
Sri Lanka,LKA,1974,Population growth (annual %),SP.POP.GROW,1.8567729541151
Sri Lanka,LKA,1973,Population growth (annual %),SP.POP.GROW,1.94602061213073
Sri Lanka,LKA,1972,Population growth (annual %),SP.POP.GROW,2.02912078599148
Sri Lanka,LKA,1971,Population growth (annual %),SP.POP.GROW,2.13220998361039
Sri Lanka,LKA,1970,Population growth (annual %),SP.POP.GROW,2.24899285825847
Sri Lanka,LKA,1969,Population growth (annual %),SP.POP.GROW,2.33922777058424
Sri Lanka,LKA,1968,Population growth (annual %),SP.POP.GROW,2.40390138208222
Sri Lanka,LKA,1967,Population growth (annual %),SP.POP.GROW,2.41517775850964
Sri Lanka,LKA,1966,Population growth (annual %),SP.POP.GROW,2.41597464184751
Sri Lanka,LKA,1965,Population growth (annual %),SP.POP.GROW,2.44391928516342
Sri Lanka,LKA,1964,Population growth (annual %),SP.POP.GROW,2.45500391259614
Sri Lanka,LKA,1963,Population growth (annual %),SP.POP.GROW,2.44706226942492
Sri Lanka,LKA,1962,Population growth (annual %),SP.POP.GROW,2.43868258271047
Sri Lanka,LKA,1961,Population growth (annual %),SP.POP.GROW,2.43338940773861
Sri Lanka,LKA,2023,"Population, total",SP.POP.TOTL,22037000.0
Sri Lanka,LKA,2022,"Population, total",SP.POP.TOTL,22181000.0
Sri Lanka,LKA,2021,"Population, total",SP.POP.TOTL,22156000.0
Sri Lanka,LKA,2020,"Population, total",SP.POP.TOTL,21919000.0
Sri Lanka,LKA,2019,"Population, total",SP.POP.TOTL,21803000.0
Sri Lanka,LKA,2018,"Population, total",SP.POP.TOTL,21670000.0
Sri Lanka,LKA,2017,"Population, total",SP.POP.TOTL,21444000.0
Sri Lanka,LKA,2016,"Population, total",SP.POP.TOTL,21209000.0
Sri Lanka,LKA,2015,"Population, total",SP.POP.TOTL,20970000.0
Sri Lanka,LKA,2014,"Population, total",SP.POP.TOTL,20778000.0
Sri Lanka,LKA,2013,"Population, total",SP.POP.TOTL,20585000.0
Sri Lanka,LKA,2012,"Population, total",SP.POP.TOTL,21169458.0
Sri Lanka,LKA,2011,"Population, total",SP.POP.TOTL,21009048.0
Sri Lanka,LKA,2010,"Population, total",SP.POP.TOTL,20879089.0
Sri Lanka,LKA,2009,"Population, total",SP.POP.TOTL,20756435.0
Sri Lanka,LKA,2008,"Population, total",SP.POP.TOTL,20629378.0
Sri Lanka,LKA,2007,"Population, total",SP.POP.TOTL,20492545.0
Sri Lanka,LKA,2006,"Population, total",SP.POP.TOTL,20352411.0
Sri Lanka,LKA,2005,"Population, total",SP.POP.TOTL,20216524.0
Sri Lanka,LKA,2004,"Population, total",SP.POP.TOTL,20087605.0
Sri Lanka,LKA,2003,"Population, total",SP.POP.TOTL,19951521.0
Sri Lanka,LKA,2002,"Population, total",SP.POP.TOTL,19805752.0
Sri Lanka,LKA,2001,"Population, total",SP.POP.TOTL,19600362.0
Sri Lanka,LKA,2000,"Population, total",SP.POP.TOTL,19293054.0
Sri Lanka,LKA,1999,"Population, total",SP.POP.TOTL,18944731.0
Sri Lanka,LKA,1998,"Population, total",SP.POP.TOTL,18596003.0
Sri Lanka,LKA,1997,"Population, total",SP.POP.TOTL,18248200.0
Sri Lanka,LKA,1996,"Population, total",SP.POP.TOTL,17905018.0
Sri Lanka,LKA,1995,"Population, total",SP.POP.TOTL,17564068.0
Sri Lanka,LKA,1994,"Population, total",SP.POP.TOTL,17275773.0
Sri Lanka,LKA,1993,"Population, total",SP.POP.TOTL,17025918.0
Sri Lanka,LKA,1992,"Population, total",SP.POP.TOTL,16739284.0
Sri Lanka,LKA,1991,"Population, total",SP.POP.TOTL,16475354.0
Sri Lanka,LKA,1990,"Population, total",SP.POP.TOTL,16352458.0
Sri Lanka,LKA,1989,"Population, total",SP.POP.TOTL,16248557.0
Sri Lanka,LKA,1988,"Population, total",SP.POP.TOTL,16078621.0
Sri Lanka,LKA,1987,"Population, total",SP.POP.TOTL,15916576.0
Sri Lanka,LKA,1986,"Population, total",SP.POP.TOTL,15731256.0
Sri Lanka,LKA,1985,"Population, total",SP.POP.TOTL,15544154.0
Sri Lanka,LKA,1984,"Population, total",SP.POP.TOTL,15441860.0
Sri Lanka,LKA,1983,"Population, total",SP.POP.TOTL,15388794.0
Sri Lanka,LKA,1982,"Population, total",SP.POP.TOTL,15286567.0
Sri Lanka,LKA,1981,"Population, total",SP.POP.TOTL,15099414.0
Sri Lanka,LKA,1980,"Population, total",SP.POP.TOTL,14847974.0
Sri Lanka,LKA,1979,"Population, total",SP.POP.TOTL,14579614.0
Sri Lanka,LKA,1978,"Population, total",SP.POP.TOTL,14310128.0
Sri Lanka,LKA,1977,"Population, total",SP.POP.TOTL,14049371.0
Sri Lanka,LKA,1976,"Population, total",SP.POP.TOTL,13796770.0
Sri Lanka,LKA,1975,"Population, total",SP.POP.TOTL,13548984.0
Sri Lanka,LKA,1974,"Population, total",SP.POP.TOTL,13305693.0
Sri Lanka,LKA,1973,"Population, total",SP.POP.TOTL,13060916.0
Sri Lanka,LKA,1972,"Population, total",SP.POP.TOTL,12809205.0
Sri Lanka,LKA,1971,"Population, total",SP.POP.TOTL,12551910.0
Sri Lanka,LKA,1970,"Population, total",SP.POP.TOTL,12287110.0
Sri Lanka,LKA,1969,"Population, total",SP.POP.TOTL,12013858.0
Sri Lanka,LKA,1968,"Population, total",SP.POP.TOTL,11736088.0
Sri Lanka,LKA,1967,"Population, total",SP.POP.TOTL,11457328.0
Sri Lanka,LKA,1966,"Population, total",SP.POP.TOTL,11183928.0
Sri Lanka,LKA,1965,"Population, total",SP.POP.TOTL,10916965.0
Sri Lanka,LKA,1964,"Population, total",SP.POP.TOTL,10653397.0
Sri Lanka,LKA,1963,"Population, total",SP.POP.TOTL,10395040.0
Sri Lanka,LKA,1962,"Population, total",SP.POP.TOTL,10143754.0
Sri Lanka,LKA,1961,"Population, total",SP.POP.TOTL,9899372.0
Sri Lanka,LKA,1960,"Population, total",SP.POP.TOTL,9661389.0
Sri Lanka,LKA,2023,Urban population growth (annual %),SP.URB.GROW,0.316335684381535
Sri Lanka,LKA,2022,Urban population growth (annual %),SP.URB.GROW,0.989080403392644
Sri Lanka,LKA,2021,Urban population growth (annual %),SP.URB.GROW,1.85795175912168
Sri Lanka,LKA,2020,Urban population growth (annual %),SP.URB.GROW,1.21697057013045
Sri Lanka,LKA,2019,Urban population growth (annual %),SP.URB.GROW,1.2001131645543
Sri Lanka,LKA,2018,Urban population growth (annual %),SP.URB.GROW,1.5475740945304
Sri Lanka,LKA,2017,Urban population growth (annual %),SP.URB.GROW,1.49980225904127
Sri Lanka,LKA,2016,Urban population growth (annual %),SP.URB.GROW,1.43410088369218
Sri Lanka,LKA,2015,Urban population growth (annual %),SP.URB.GROW,1.12817453869436
Sri Lanka,LKA,2014,Urban population growth (annual %),SP.URB.GROW,1.04305673316786
Sri Lanka,LKA,2013,Urban population growth (annual %),SP.URB.GROW,-2.78871088239433
Sri Lanka,LKA,2012,Urban population growth (annual %),SP.URB.GROW,0.678230247244645
Sri Lanka,LKA,2011,Urban population growth (annual %),SP.URB.GROW,0.538173878701704
Sri Lanka,LKA,2010,Urban population growth (annual %),SP.URB.GROW,0.501436017705751
Sri Lanka,LKA,2009,Urban population growth (annual %),SP.URB.GROW,0.531811421825671
Sri Lanka,LKA,2008,Urban population growth (annual %),SP.URB.GROW,0.583382386891913
Sri Lanka,LKA,2007,Urban population growth (annual %),SP.URB.GROW,0.59865332858668
Sri Lanka,LKA,2006,Urban population growth (annual %),SP.URB.GROW,0.587934321812028
Sri Lanka,LKA,2005,Urban population growth (annual %),SP.URB.GROW,0.552353290038833
Sri Lanka,LKA,2004,Urban population growth (annual %),SP.URB.GROW,0.597895416233544
Sri Lanka,LKA,2003,Urban population growth (annual %),SP.URB.GROW,0.651532069487353
Sri Lanka,LKA,2002,Urban population growth (annual %),SP.URB.GROW,0.955277709461683
Sri Lanka,LKA,2001,Urban population growth (annual %),SP.URB.GROW,1.49864210364838
Sri Lanka,LKA,2000,Urban population growth (annual %),SP.URB.GROW,1.73489830832006
Sri Lanka,LKA,1999,Urban population growth (annual %),SP.URB.GROW,1.77642324775726
Sri Lanka,LKA,1998,Urban population growth (annual %),SP.URB.GROW,1.80114637246002
Sri Lanka,LKA,1997,Urban population growth (annual %),SP.URB.GROW,1.81719268824768
Sri Lanka,LKA,1996,Urban population growth (annual %),SP.URB.GROW,1.8358347375477
Sri Lanka,LKA,1995,Urban population growth (annual %),SP.URB.GROW,1.57377422949357
Sri Lanka,LKA,1994,Urban population growth (annual %),SP.URB.GROW,1.37027255418016
Sri Lanka,LKA,1993,Urban population growth (annual %),SP.URB.GROW,1.61675572803218
Sri Lanka,LKA,1992,Urban population growth (annual %),SP.URB.GROW,1.50282409002535
Sri Lanka,LKA,1991,Urban population growth (annual %),SP.URB.GROW,0.667791117395012
Sri Lanka,LKA,1990,Urban population growth (annual %),SP.URB.GROW,0.551116511408978
Sri Lanka,LKA,1989,Urban population growth (annual %),SP.URB.GROW,0.970533636664067
Sri Lanka,LKA,1988,Urban population growth (annual %),SP.URB.GROW,0.926812713888186
Sri Lanka,LKA,1987,Urban population growth (annual %),SP.URB.GROW,1.09044519741009
Sri Lanka,LKA,1986,Urban population growth (annual %),SP.URB.GROW,1.11052006798341
Sri Lanka,LKA,1985,Urban population growth (annual %),SP.URB.GROW,0.574327255556276
Sri Lanka,LKA,1984,Urban population growth (annual %),SP.URB.GROW,0.263742873373835
Sri Lanka,LKA,1983,Urban population growth (annual %),SP.URB.GROW,0.580752336616541
Sri Lanka,LKA,1982,Urban population growth (annual %),SP.URB.GROW,1.14611545741599
Sri Lanka,LKA,1981,Urban population growth (annual %),SP.URB.GROW,2.04939168216886
Sri Lanka,LKA,1980,Urban population growth (annual %),SP.URB.GROW,2.37901918198572
Sri Lanka,LKA,1979,Urban population growth (annual %),SP.URB.GROW,2.42385791418466
Sri Lanka,LKA,1978,Urban population growth (annual %),SP.URB.GROW,2.39487966304277
Sri Lanka,LKA,1977,Urban population growth (annual %),SP.URB.GROW,2.36777610874075
Sri Lanka,LKA,1976,Urban population growth (annual %),SP.URB.GROW,2.36882325254647
Sri Lanka,LKA,1975,Urban population growth (annual %),SP.URB.GROW,2.37161872969932
Sri Lanka,LKA,1974,Urban population growth (annual %),SP.URB.GROW,2.4140017807147
Sri Lanka,LKA,1973,Urban population growth (annual %),SP.URB.GROW,2.50639730066586
Sri Lanka,LKA,1972,Urban population growth (annual %),SP.URB.GROW,2.58695143076229
Sri Lanka,LKA,1971,Urban population growth (annual %),SP.URB.GROW,2.69320169192711
Sri Lanka,LKA,1970,Urban population growth (annual %),SP.URB.GROW,2.80745549800582
Sri Lanka,LKA,1969,Urban population growth (annual %),SP.URB.GROW,2.9007961675566
Sri Lanka,LKA,1968,Urban population growth (annual %),SP.URB.GROW,2.9686469506744
Sri Lanka,LKA,1967,Urban population growth (annual %),SP.URB.GROW,2.9773424862974
Sri Lanka,LKA,1966,Urban population growth (annual %),SP.URB.GROW,2.98125267120237
Sri Lanka,LKA,1965,Urban population growth (annual %),SP.URB.GROW,3.00658816645357
Sri Lanka,LKA,1964,Urban population growth (annual %),SP.URB.GROW,3.0326653951025
Sri Lanka,LKA,1963,Urban population growth (annual %),SP.URB.GROW,3.41532780299699
Sri Lanka,LKA,1962,Urban population growth (annual %),SP.URB.GROW,3.40433373209228
Sri Lanka,LKA,1961,Urban population growth (annual %),SP.URB.GROW,3.40847622592063
Sri Lanka,LKA,2023,Urban population,SP.URB.TOTL,4233528.0
Sri Lanka,LKA,2022,Urban population,SP.URB.TOTL,4220157.0
Sri Lanka,LKA,2021,Urban population,SP.URB.TOTL,4178622.0
Sri Lanka,LKA,2020,Urban population,SP.URB.TOTL,4101702.0
Sri Lanka,LKA,2019,Urban population,SP.URB.TOTL,4052088.0
Sri Lanka,LKA,2018,Urban population,SP.URB.TOTL,4003749.0
Sri Lanka,LKA,2017,Urban population,SP.URB.TOTL,3942265.0
Sri Lanka,LKA,2016,Urban population,SP.URB.TOTL,3883580.0
Sri Lanka,LKA,2015,Urban population,SP.URB.TOTL,3828283.0
Sri Lanka,LKA,2014,Urban population,SP.URB.TOTL,3785336.0
Sri Lanka,LKA,2013,Urban population,SP.URB.TOTL,3746058.0
Sri Lanka,LKA,2012,Urban population,SP.URB.TOTL,3851995.0
Sri Lanka,LKA,2011,Urban population,SP.URB.TOTL,3825958.0
Sri Lanka,LKA,2010,Urban population,SP.URB.TOTL,3805423.0
Sri Lanka,LKA,2009,Urban population,SP.URB.TOTL,3786389.0
Sri Lanka,LKA,2008,Urban population,SP.URB.TOTL,3766306.0
Sri Lanka,LKA,2007,Urban population,SP.URB.TOTL,3744398.0
Sri Lanka,LKA,2006,Urban population,SP.URB.TOTL,3722049.0
Sri Lanka,LKA,2005,Urban population,SP.URB.TOTL,3700230.0
Sri Lanka,LKA,2004,Urban population,SP.URB.TOTL,3679848.0
Sri Lanka,LKA,2003,Urban population,SP.URB.TOTL,3657912.0
Sri Lanka,LKA,2002,Urban population,SP.URB.TOTL,3634157.0
Sri Lanka,LKA,2001,Urban population,SP.URB.TOTL,3599606.0
Sri Lanka,LKA,2000,Urban population,SP.URB.TOTL,3546063.0
Sri Lanka,LKA,1999,Urban population,SP.URB.TOTL,3485073.0
Sri Lanka,LKA,1998,Urban population,SP.URB.TOTL,3423710.0
Sri Lanka,LKA,1997,Urban population,SP.URB.TOTL,3362596.0
Sri Lanka,LKA,1996,Urban population,SP.URB.TOTL,3302043.0
Sri Lanka,LKA,1995,Urban population,SP.URB.TOTL,3241976.0
Sri Lanka,LKA,1994,Urban population,SP.URB.TOTL,3191354.0
Sri Lanka,LKA,1993,Urban population,SP.URB.TOTL,3147922.0
Sri Lanka,LKA,1992,Urban population,SP.URB.TOTL,3097437.0
Sri Lanka,LKA,1991,Urban population,SP.URB.TOTL,3051236.0
Sri Lanka,LKA,1990,Urban population,SP.URB.TOTL,3030928.0
Sri Lanka,LKA,1989,Urban population,SP.URB.TOTL,3014270.0
Sri Lanka,LKA,1988,Urban population,SP.URB.TOTL,2985157.0
Sri Lanka,LKA,1987,Urban population,SP.URB.TOTL,2957618.0
Sri Lanka,LKA,1986,Urban population,SP.URB.TOTL,2925542.0
Sri Lanka,LKA,1985,Urban population,SP.URB.TOTL,2893233.0
Sri Lanka,LKA,1984,Urban population,SP.URB.TOTL,2876664.0
Sri Lanka,LKA,1983,Urban population,SP.URB.TOTL,2869087.0
Sri Lanka,LKA,1982,Urban population,SP.URB.TOTL,2852473.0
Sri Lanka,LKA,1981,Urban population,SP.URB.TOTL,2819967.0
Sri Lanka,LKA,1980,Urban population,SP.URB.TOTL,2762763.0
Sri Lanka,LKA,1979,Urban population,SP.URB.TOTL,2697812.0
Sri Lanka,LKA,1978,Urban population,SP.URB.TOTL,2633207.0
Sri Lanka,LKA,1977,Urban population,SP.URB.TOTL,2570894.0
Sri Lanka,LKA,1976,Urban population,SP.URB.TOTL,2510736.0
Sri Lanka,LKA,1975,Urban population,SP.URB.TOTL,2451960.0
Sri Lanka,LKA,1974,Urban population,SP.URB.TOTL,2394493.0
Sri Lanka,LKA,1973,Urban population,SP.URB.TOTL,2337382.0
Sri Lanka,LKA,1972,Urban population,SP.URB.TOTL,2279526.0
Sri Lanka,LKA,1971,Urban population,SP.URB.TOTL,2221312.0
Sri Lanka,LKA,1970,Urban population,SP.URB.TOTL,2162286.0
Sri Lanka,LKA,1969,Urban population,SP.URB.TOTL,2102425.0
Sri Lanka,LKA,1968,Urban population,SP.URB.TOTL,2042314.0
Sri Lanka,LKA,1967,Urban population,SP.URB.TOTL,1982576.0
Sri Lanka,LKA,1966,Urban population,SP.URB.TOTL,1924418.0
Sri Lanka,LKA,1965,Urban population,SP.URB.TOTL,1867893.0
Sri Lanka,LKA,1964,Urban population,SP.URB.TOTL,1812569.0
Sri Lanka,LKA,1963,Urban population,SP.URB.TOTL,1758425.0
Sri Lanka,LKA,1962,Urban population,SP.URB.TOTL,1699383.0
Sri Lanka,LKA,1961,Urban population,SP.URB.TOTL,1642504.0
Sri Lanka,LKA,1960,Urban population,SP.URB.TOTL,1587463.0
Sri Lanka,LKA,2023,Urban population (% of total population),SP.URB.TOTL.IN.ZS,19.211
Sri Lanka,LKA,2022,Urban population (% of total population),SP.URB.TOTL.IN.ZS,19.026
Sri Lanka,LKA,2021,Urban population (% of total population),SP.URB.TOTL.IN.ZS,18.86
Sri Lanka,LKA,2020,Urban population (% of total population),SP.URB.TOTL.IN.ZS,18.713
Sri Lanka,LKA,2019,Urban population (% of total population),SP.URB.TOTL.IN.ZS,18.585
Sri Lanka,LKA,2018,Urban population (% of total population),SP.URB.TOTL.IN.ZS,18.476
Sri Lanka,LKA,2017,Urban population (% of total population),SP.URB.TOTL.IN.ZS,18.384
Sri Lanka,LKA,2016,Urban population (% of total population),SP.URB.TOTL.IN.ZS,18.311
Sri Lanka,LKA,2015,Urban population (% of total population),SP.URB.TOTL.IN.ZS,18.256
Sri Lanka,LKA,2014,Urban population (% of total population),SP.URB.TOTL.IN.ZS,18.218
Sri Lanka,LKA,2013,Urban population (% of total population),SP.URB.TOTL.IN.ZS,18.198
Sri Lanka,LKA,2012,Urban population (% of total population),SP.URB.TOTL.IN.ZS,18.196
Sri Lanka,LKA,2011,Urban population (% of total population),SP.URB.TOTL.IN.ZS,18.211
Sri Lanka,LKA,2010,Urban population (% of total population),SP.URB.TOTL.IN.ZS,18.226
Sri Lanka,LKA,2009,Urban population (% of total population),SP.URB.TOTL.IN.ZS,18.242
Sri Lanka,LKA,2008,Urban population (% of total population),SP.URB.TOTL.IN.ZS,18.257
Sri Lanka,LKA,2007,Urban population (% of total population),SP.URB.TOTL.IN.ZS,18.272
Sri Lanka,LKA,2006,Urban population (% of total population),SP.URB.TOTL.IN.ZS,18.288
Sri Lanka,LKA,2005,Urban population (% of total population),SP.URB.TOTL.IN.ZS,18.303
Sri Lanka,LKA,2004,Urban population (% of total population),SP.URB.TOTL.IN.ZS,18.319
Sri Lanka,LKA,2003,Urban population (% of total population),SP.URB.TOTL.IN.ZS,18.334
Sri Lanka,LKA,2002,Urban population (% of total population),SP.URB.TOTL.IN.ZS,18.349
Sri Lanka,LKA,2001,Urban population (% of total population),SP.URB.TOTL.IN.ZS,18.365
Sri Lanka,LKA,2000,Urban population (% of total population),SP.URB.TOTL.IN.ZS,18.38
Sri Lanka,LKA,1999,Urban population (% of total population),SP.URB.TOTL.IN.ZS,18.396
Sri Lanka,LKA,1998,Urban population (% of total population),SP.URB.TOTL.IN.ZS,18.411
Sri Lanka,LKA,1997,Urban population (% of total population),SP.URB.TOTL.IN.ZS,18.427
Sri Lanka,LKA,1996,Urban population (% of total population),SP.URB.TOTL.IN.ZS,18.442
Sri Lanka,LKA,1995,Urban population (% of total population),SP.URB.TOTL.IN.ZS,18.458
Sri Lanka,LKA,1994,Urban population (% of total population),SP.URB.TOTL.IN.ZS,18.473
Sri Lanka,LKA,1993,Urban population (% of total population),SP.URB.TOTL.IN.ZS,18.489
Sri Lanka,LKA,1992,Urban population (% of total population),SP.URB.TOTL.IN.ZS,18.504
Sri Lanka,LKA,1991,Urban population (% of total population),SP.URB.TOTL.IN.ZS,18.52
Sri Lanka,LKA,1990,Urban population (% of total population),SP.URB.TOTL.IN.ZS,18.535
Sri Lanka,LKA,1989,Urban population (% of total population),SP.URB.TOTL.IN.ZS,18.551
Sri Lanka,LKA,1988,Urban population (% of total population),SP.URB.TOTL.IN.ZS,18.566
Sri Lanka,LKA,1987,Urban population (% of total population),SP.URB.TOTL.IN.ZS,18.582
Sri Lanka,LKA,1986,Urban population (% of total population),SP.URB.TOTL.IN.ZS,18.597
Sri Lanka,LKA,1985,Urban population (% of total population),SP.URB.TOTL.IN.ZS,18.613
Sri Lanka,LKA,1984,Urban population (% of total population),SP.URB.TOTL.IN.ZS,18.629
Sri Lanka,LKA,1983,Urban population (% of total population),SP.URB.TOTL.IN.ZS,18.644
Sri Lanka,LKA,1982,Urban population (% of total population),SP.URB.TOTL.IN.ZS,18.66
Sri Lanka,LKA,1981,Urban population (% of total population),SP.URB.TOTL.IN.ZS,18.676
Sri Lanka,LKA,1980,Urban population (% of total population),SP.URB.TOTL.IN.ZS,18.607
Sri Lanka,LKA,1979,Urban population (% of total population),SP.URB.TOTL.IN.ZS,18.504
Sri Lanka,LKA,1978,Urban population (% of total population),SP.URB.TOTL.IN.ZS,18.401
Sri Lanka,LKA,1977,Urban population (% of total population),SP.URB.TOTL.IN.ZS,18.299
Sri Lanka,LKA,1976,Urban population (% of total population),SP.URB.TOTL.IN.ZS,18.198
Sri Lanka,LKA,1975,Urban population (% of total population),SP.URB.TOTL.IN.ZS,18.097
Sri Lanka,LKA,1974,Urban population (% of total population),SP.URB.TOTL.IN.ZS,17.996
Sri Lanka,LKA,1973,Urban population (% of total population),SP.URB.TOTL.IN.ZS,17.896
Sri Lanka,LKA,1972,Urban population (% of total population),SP.URB.TOTL.IN.ZS,17.796
Sri Lanka,LKA,1971,Urban population (% of total population),SP.URB.TOTL.IN.ZS,17.697
Sri Lanka,LKA,1970,Urban population (% of total population),SP.URB.TOTL.IN.ZS,17.598
Sri Lanka,LKA,1969,Urban population (% of total population),SP.URB.TOTL.IN.ZS,17.5
Sri Lanka,LKA,1968,Urban population (% of total population),SP.URB.TOTL.IN.ZS,17.402
Sri Lanka,LKA,1967,Urban population (% of total population),SP.URB.TOTL.IN.ZS,17.304
Sri Lanka,LKA,1966,Urban population (% of total population),SP.URB.TOTL.IN.ZS,17.207
Sri Lanka,LKA,1965,Urban population (% of total population),SP.URB.TOTL.IN.ZS,17.11
Sri Lanka,LKA,1964,Urban population (% of total population),SP.URB.TOTL.IN.ZS,17.014
Sri Lanka,LKA,1963,Urban population (% of total population),SP.URB.TOTL.IN.ZS,16.916
Sri Lanka,LKA,1962,Urban population (% of total population),SP.URB.TOTL.IN.ZS,16.753
Sri Lanka,LKA,1961,Urban population (% of total population),SP.URB.TOTL.IN.ZS,16.592
Sri Lanka,LKA,1960,Urban population (% of total population),SP.URB.TOTL.IN.ZS,16.431
